"","SICA","year","DefectosTotales","ASNM","Luminosidad","prec1","prec2","prec3","prec4","prec5","prec6","prec7","prec8","prec9","prec10","tmin1","tmin2","tmin3","tmin4","tmin5","tmin6","tmin7","tmin8","tmin9","tmin10","tmax1","tmax2","tmax3","tmax4","tmax5","tmax6","tmax7","tmax8","tmax9","tmax10","tmean1","tmean2","tmean3","tmean4","tmean5","tmean6","tmean7","tmean8","tmean9","tmean10","dtr1","dtr2","dtr3","dtr4","dtr5","dtr6","dtr7","dtr8","dtr9","dtr10","PrecTotal","TminTotal","TmaxTotal","TmeanTotal","DtrTotal","PrecTotalAvg","TminTotalAvg","TmaxTotalAvg","TmeanTotalAvg","DtrTotalAvg","OrientationNum","Slope","pH_avg","org_avg","Franco","Arcilloso","Limoso","Arenoso","Cascajoso","PuntajeTotal"
"SICA",1,-0.0781939603108971,-0.246612954711192,0.698613126632909,-0.0181153261402709,-0.538377535646522,-0.132354520039209,0.292120568594259,0.402039694173415,0.295834105764408,0.0995271373809751,-0.199690029922702,-0.0836461454480421,0.181735244178231,0.0540751361237479,-0.688304197324078,-0.653399520193861,-0.65552281758922,-0.667868983009484,-0.645305957018338,-0.679616461698746,-0.725863183586915,-0.70256540200094,-0.691675294739586,-0.708557912585755,-0.631454878517457,-0.575314817251891,-0.702360424278652,-0.787227528201867,-0.73007330850207,-0.710332212031367,-0.638813250010672,-0.63850186093579,-0.76714696256896,-0.814416238278776,-0.674293240175651,-0.63190680353734,-0.689028567984435,-0.745549201414558,-0.719766585876622,-0.707262352017766,-0.680377955896148,-0.678837802582189,-0.743705888020311,-0.787982781684335,-0.104326194657265,0.113889479642869,-0.482418281087225,-0.667801732822993,-0.203265974668952,-0.307488449617088,-0.312295879942774,-0.151279503534643,-0.5903297909613,-0.674408190473603,0.0920589389189653,-0.690641912081248,-0.730259719051766,-0.718413388758278,-0.482568974381597,0.0920589389189654,-0.690641912081248,-0.730259719051767,-0.718413388758278,-0.482568974381597,0.64125778755335,0.107284454965573,-0.372268758106571,-0.318493238068322,-0.417278518114792,0.282035290892446,-0.417278518114792,0.417288467258827,-0.349972188001454,-0.213436786930789
"year",-0.0781939603108971,1,-0.84220323871568,0.469911694537355,-0.478091443733757,0.0695990642005602,-0.0723375741195897,-0.458758499971886,-0.871203877371533,-0.908045243013081,-0.917202094545408,-0.0866374239897476,0.295952732218421,-0.565514027167292,-0.989054709399728,-0.452179282451058,-0.408712834821641,-0.385463551433741,-0.417307668541569,-0.381619688841787,-0.269454908783401,-0.191531677791726,-0.15209595424034,-0.130304285389563,-0.123304283636509,-0.309619078165711,-0.423022967816252,-0.373000208531567,-0.203242328744425,0.0431292888074377,-0.00484113006691726,-0.27006483480198,-0.2604724805796,-0.0783817044729219,0.159494755726922,-0.384702663937718,-0.428408791976,-0.383085867398959,-0.303567417542731,-0.171426607721642,-0.131131364235299,-0.238343487150688,-0.214956976206657,-0.102953632354059,0.0429786622502391,0.173016066184369,-0.063037853126296,-0.16022163693986,0.358917203460025,0.714262454761042,0.656689801136841,-0.388942450582341,-0.359489882662018,0.0744334158742965,0.535944721710805,-0.709174490646898,-0.30712650047654,-0.183286289273377,-0.242626707929998,0.279608682080976,-0.709174490646898,-0.30712650047654,-0.183286289273376,-0.242626707929998,0.279608682080976,0.0319991757462423,-0.279929923734289,-0.275924792404523,0.220713837993275,-0.188982236504614,0.0597614304667197,-0.188982236504614,0.188982236504614,0.188982236504614,0.202590831838235
"DefectosTotales",-0.246612954711192,-0.84220323871568,1,-0.654697414189718,0.457618310593412,0.000488955695646051,0.106059040560538,0.289892626003726,0.550257743147726,0.684500915298397,0.71922048009122,0.158266335033763,-0.264321986338637,0.454246850333457,0.826887531995447,0.660189428412671,0.619545675830867,0.601124031862273,0.643222385422976,0.595510892877804,0.508268425791675,0.492593083276143,0.434821689326103,0.427157019012206,0.451929061957303,0.619685018099971,0.738236925895909,0.678596701557811,0.547552262951884,0.338405908441578,0.356278523784004,0.604085153178537,0.619079082869495,0.493990715866035,0.294547802873275,0.654517304224625,0.700302642199401,0.650903246962647,0.599622075717541,0.484705265187042,0.434580634017059,0.560557120677522,0.54468229526657,0.470650202761014,0.368116547400043,0.132260410585417,0.301797419970011,0.54891608743548,0.0767769877728116,-0.401672387169935,-0.262195390832195,0.727043858653478,0.692090032052885,0.421335902268089,-0.0576280950739528,0.554700505281052,0.559296780320762,0.553978211474702,0.561467439091188,0.260125302893864,0.554700505281052,0.559296780320762,0.553978211474702,0.561467439091188,0.260125302893863,-0.263097076132224,0.239009734170186,0.177099106242656,-0.0364276395279841,0.170778079785311,-0.350784859576043,0.170778079785311,-0.192824219956496,-0.172416669402487,-0.0796545630135452
"ASNM",0.698613126632909,0.469911694537355,-0.654697414189718,1,-0.322544025326147,-0.568474494017713,-0.293155811579983,-0.124885780752036,-0.150566444293113,-0.209345584622004,-0.450000918064392,-0.477490066912727,-0.141202627134147,-0.267459039622264,-0.519761302589976,-0.959478704092203,-0.971525509111534,-0.914928977485504,-0.955598036224206,-0.916855134371636,-0.893083945867388,-0.894793684102541,-0.889508359413991,-0.843995703034516,-0.829832685890628,-0.860386450556347,-0.830243462043819,-0.869577939929832,-0.885855604442374,-0.751120570584894,-0.795043267411386,-0.849387074725591,-0.814620883358399,-0.775078779036546,-0.692757843416961,-0.928956276000536,-0.926355284583777,-0.900581978770761,-0.931521082369938,-0.869445920467366,-0.854766624923633,-0.87459083279483,-0.862928362727296,-0.81704208180161,-0.766764714678377,-0.0998660832737129,0.22287680167189,-0.331639973409638,-0.308721958962734,0.214068665651423,-0.0147457776847065,-0.571921681964656,-0.208164330418426,-0.268408525260293,-0.223653037136514,-0.458261162124653,-0.924851689367716,-0.849209068184525,-0.892124770725852,-0.196599555210746,-0.458261162124653,-0.924851689367716,-0.849209068184525,-0.892124770725853,-0.196599555210746,0.479471383164115,0.203682413073619,-0.147270682601567,0.0699210795659693,-0.135004076689301,0.274982173579513,-0.135004076689301,0.530006498789745,-0.18607976349761,-0.155932791347367
"Luminosidad",-0.0181153261402709,-0.478091443733757,0.457618310593412,-0.322544025326147,1,0.0840246077237808,0.158251905297322,0.394155411186934,0.39748479970887,0.350708808072689,0.411760175006669,0.45832379146187,0.105406456865108,0.415501029538912,0.475076084628424,0.247289076533382,0.357243039434469,0.257482897512047,0.278613510634106,0.246798895811624,0.251969598681678,0.236317673865479,0.218130960235225,0.205447266029059,0.202299046084871,0.351140030369748,0.297032481900722,0.23538341610645,0.212226933353439,0.149535639015728,0.214087755730722,0.316309782386267,0.273085408781755,0.114209784718692,-0.00229809311978593,0.311085097673082,0.336299253108357,0.248292297643121,0.245702644845575,0.205850558254734,0.235646325127346,0.284280389829413,0.252395795544166,0.15705940837967,0.0845725321443197,0.322799948710097,-0.0995162389773014,0.0645197095915852,-0.0338275164208798,-0.150142433815948,-0.024591002199974,0.428837869001759,0.247015274931826,-0.143663701184997,-0.316744100387011,0.495794120564081,0.256742956227973,0.226491793080122,0.242631286559561,0.0222521581656789,0.495794120564081,0.256742956227972,0.226491793080122,0.242631286559561,0.0222521581656783,-0.392534978712297,-0.493685877205953,0.405113718741176,0.172340807393769,0.395284707521047,-0.8,0.395284707521047,0.316227766016838,-0.395284707521047,0.1529630994495
"prec1",-0.538377535646522,0.0695990642005602,0.000488955695646051,-0.568474494017713,0.0840246077237808,1,0.169645374948665,-0.130268677082468,-0.336771354329125,-0.154951991964481,0.105815569403031,0.703676146375882,0.353300073650196,-0.0764530899927337,-0.0405248047303871,0.640690199496194,0.624289999178084,0.717520942956718,0.604223626116515,0.669356531241667,0.730164130098608,0.698735933675568,0.704411136312539,0.727689229124754,0.660759507112125,0.474967582657478,0.358413022308874,0.627083994749992,0.70165439610627,0.588094715461386,0.630544237922979,0.556400593351815,0.52351125088934,0.606779858636762,0.608248796625209,0.565171034797653,0.503384378296514,0.675984266109318,0.668568145594838,0.65601677259676,0.68833912722048,0.621031426341052,0.615725784352568,0.669909816062737,0.644404784601045,-0.161876121983889,-0.515499016784063,0.0907577195967368,0.575783925062749,-0.0864608012177893,-0.042695882408664,0.123837940800781,-0.160155770813944,0.0588307888321969,0.300921384985345,0.156791903160991,0.687706069257872,0.594698161309577,0.643399639982203,0.0177579378603921,0.156791903160991,0.687706069257872,0.594698161309577,0.643399639982203,0.0177579378603914,-0.72528944495347,-0.500621265944377,0.0537750949655969,-0.456210942113354,-0.0519228808176389,-0.0736219327654261,-0.0519228808176389,-0.484169847945494,-0.228314497819411,0.317271028074328
"prec2",-0.132354520039209,-0.0723375741195897,0.106059040560538,-0.293155811579983,0.158251905297322,0.169645374948665,1,0.822515317023315,0.164472938858541,-0.171977262584164,-0.125248523279231,0.658235308779592,0.872559670469872,0.813003329854028,0.202181318241992,0.35640677094289,0.429193000156131,0.385535953193038,0.410944981315874,0.353408923175764,0.483864205073594,0.430193570277959,0.420275054699495,0.454428515699264,0.526606798283591,0.603048636681093,0.357108544472357,0.17145760999236,0.293232294063928,0.572747593866733,0.541647328590422,0.451622467470677,0.415496553435925,0.331436977788675,0.261792993430018,0.502057541186719,0.404163623268133,0.271880801435414,0.351273723234748,0.486758234257004,0.522917079056309,0.445546266169919,0.424739999390483,0.391672624314154,0.380258649265911,0.687857016099477,-0.119021336785226,-0.461907688927035,-0.10312302335522,0.415171400911492,0.31994730003368,0.405607058523701,0.180153828071822,-0.0965457816837311,-0.243753269097989,0.697778101359701,0.4282419613777,0.413279479984302,0.423987636728954,0.161126128033695,0.697778101359701,0.4282419613777,0.413279479984302,0.423987636728955,0.161126128033696,0.139851584415496,-0.308048772433406,-0.428940402617004,-0.319331235797931,-0.461230832511072,-0.186652229793407,-0.461230832511072,-0.0924786293465675,0.127683618271627,-0.496582799895736
"prec3",0.292120568594259,-0.458758499971886,0.289892626003726,-0.124885780752036,0.394155411186934,-0.130268677082468,0.822515317023315,1,0.642588203127396,0.308462542881041,0.267478111334096,0.499689527589938,0.604157184068164,0.98081738401179,0.554637420729639,0.168428703613434,0.236274869971224,0.179590555781905,0.216001438920866,0.161981775644943,0.217104961099579,0.125792509180716,0.111888683558888,0.136118819962156,0.190584868116831,0.365353312495266,0.223873592182415,-0.0206082613204566,-0.0151476524755463,0.164246754083643,0.166281129476313,0.216122815738411,0.180457544308124,-0.0196181298737053,-0.184519685889636,0.281771206251411,0.236812216981662,0.0711912653450671,0.0894685792579331,0.17049367219684,0.193232985398004,0.178991209434828,0.151925803437302,0.0505343793073309,-0.029357440260224,0.509577212477598,-0.00751535331753784,-0.525228787668939,-0.509398913597225,0.017612708735993,-0.0723386092627989,0.37247655463306,0.23463447781637,-0.362639878400461,-0.693905349648956,0.893209335773289,0.178927060159383,0.109971113050422,0.143084223053057,-0.151745983088135,0.893209335773289,0.178927060159382,0.109971113050421,0.143084223053058,-0.151745983088134,0.342046606866215,-0.171962083303692,-0.312491281386229,-0.384155560268946,-0.377899190361861,-0.153108839861209,-0.377899190361861,0.0503202968158877,-0.103100368888214,-0.536566773652032
"prec4",0.402039694173415,-0.871203877371533,0.550257743147726,-0.150566444293113,0.39748479970887,-0.336771354329125,0.164472938858541,0.642588203127396,1,0.865588679542298,0.798773604507644,-0.0288768077076603,-0.144858191772023,0.674106122814798,0.886591852111794,0.128745195062761,0.117814505160606,0.065372826310856,0.126860172197109,0.0940137597341207,-0.0175664424451417,-0.110859337874889,-0.119913920989428,-0.148817740149701,-0.153088431871942,0.0535317941931338,0.163004460083423,-0.0123573497955391,-0.177151412757057,-0.291702633287563,-0.241307551221636,-0.0149717826200329,-0.0334576044136633,-0.268950177579115,-0.485243715124149,0.0903570329190166,0.145040971388532,0.0232345006123415,-0.0420478679976908,-0.108243903354351,-0.138525130346627,-0.0560557449197409,-0.0738557659735652,-0.218372135627151,-0.355174377616771,-0.128751075345324,0.105483900350699,-0.206173260946893,-0.751623681407969,-0.669878872475616,-0.635088076687015,0.201733145112765,0.176036015582348,-0.418625682028207,-0.816504336786717,0.733891744233597,0.00848985146754775,-0.134566160605838,-0.0691511095547018,-0.495557499318176,0.733891744233597,0.00848985146754704,-0.134566160605838,-0.0691511095547013,-0.495557499318176,0.378133567942969,0.213818192143135,0.120520354646096,-0.230467644344353,0.0488603680389957,0.10006591203761,0.0488603680389957,-0.116492796409586,-0.0989929200380467,-0.26491665500051
"prec5",0.295834105764408,-0.908045243013081,0.684500915298397,-0.209345584622004,0.350708808072689,-0.154951991964481,-0.171977262584164,0.308462542881041,0.865588679542298,1,0.953551664379283,-0.0733318218873555,-0.440373372361547,0.397663046246866,0.866777382863126,0.244609476801711,0.164813384602619,0.203476494826507,0.207435041615531,0.22688580763091,0.0681640066326131,-0.0125763725681098,-0.0390512531820538,-0.0468607294169612,-0.0844882738993087,0.0473226441139956,0.277306446359263,0.236192605565304,0.0024599388457816,-0.277289807700917,-0.217596593524421,0.0859082579103772,0.0985367743210122,-0.0883492290044621,-0.317527127216476,0.141552729664714,0.228758899786114,0.223909804310941,0.0954819131482971,-0.0328014289465656,-0.0848464463784189,0.0444028813456358,0.0368187852904432,-0.0708186595552305,-0.225749232549385,-0.369481602311071,0.252334924204492,0.205838703247007,-0.443464617710319,-0.866855753114158,-0.781656920704872,0.287457165937318,0.349821554554732,-0.14209415278608,-0.558468748038913,0.554446165714289,0.106227602818513,-0.0120472812319284,0.0429337080771101,-0.360276480496375,0.554446165714289,0.106227602818513,-0.012047281231929,0.0429337080771103,-0.360276480496376,0.0673493070802456,0.283549845138053,0.230481034689436,-0.303059852529552,0.15099437831893,0.0897413009962905,0.15099437831893,-0.259129255181731,-0.376631624004581,0.0177167364995696
"prec6",0.0995271373809751,-0.917202094545408,0.71922048009122,-0.450000918064392,0.411760175006669,0.105815569403031,-0.125248523279231,0.267478111334096,0.798773604507644,0.953551664379283,1,0.102506526498604,-0.352210181030275,0.375280819788645,0.89094299426887,0.468409699726938,0.402615522187158,0.430157259664815,0.428729808895728,0.450922113904782,0.300534779111176,0.221405975918683,0.205195049307457,0.183046112753327,0.125827550776109,0.224849732483045,0.419146138621205,0.431594489129754,0.22765245231104,-0.0824802937999786,-0.00288344577614792,0.274008168075177,0.268254903828799,0.0940821907033791,-0.126504139882666,0.345406584188786,0.423294884003849,0.435973690775029,0.32247239311829,0.185684226938612,0.141789208264084,0.253396486597613,0.243749047991665,0.135623217796262,-0.022181039834855,-0.399358995033712,0.0672726259601483,0.22615482133187,-0.318060028926985,-0.899358436127223,-0.755734302007595,0.334304083447715,0.262741357568514,-0.149540868882868,-0.468280813665456,0.604208911189761,0.338365094598664,0.184825927786837,0.258013433030987,-0.367799717357549,0.604208911189761,0.338365094598664,0.184825927786836,0.258013433030987,-0.36779971735755,-0.112180554891339,0.125291786815748,0.273770440620401,-0.349379346764168,0.180368927433918,0.0438220559305541,0.180368927433918,-0.404400928141737,-0.332265731238685,0.129656361318401
"prec7",-0.199690029922702,-0.0866374239897476,0.158266335033763,-0.477490066912727,0.45832379146187,0.703676146375882,0.658235308779592,0.499689527589938,-0.0288768077076603,-0.0733318218873555,0.102506526498604,1,0.753912291814665,0.521174212791779,0.163731361631282,0.56160600435611,0.641033627624688,0.662220450126723,0.591687162580806,0.611059717460259,0.723281500921406,0.675466768657636,0.673216638591391,0.716821392172544,0.705289292316768,0.66787269230371,0.463096639570579,0.493973515854941,0.58800185506031,0.669402088464957,0.704770410742253,0.656126503250525,0.609186556743791,0.546378941982416,0.472418908723365,0.634719881062345,0.566774166597103,0.577092122561741,0.598985030728296,0.669830154492397,0.72508930474917,0.668870540673022,0.649010321987933,0.63106678190278,0.582108307008299,0.435588712926668,-0.327183661632807,-0.177861337896002,0.297366305931569,0.153948921977011,0.183220539548851,0.476842982946185,0.137896635258931,-0.0861469628517892,-0.062299232381935,0.613012399238131,0.663729809088079,0.611681154909054,0.641458275654695,0.148907502681813,0.613012399238132,0.66372980908808,0.611681154909054,0.641458275654695,0.148907502681813,-0.448554104369462,-0.712587020410735,-0.275092458095684,-0.531880507082241,-0.3574934951749,-0.431806167255344,-0.3574934951749,-0.154017928418544,-0.403470393932307,0.0336270163039449
"prec8",-0.0836461454480421,0.295952732218421,-0.264321986338637,-0.141202627134147,0.105406456865108,0.353300073650196,0.872559670469872,0.604157184068164,-0.144858191772023,-0.440373372361547,-0.352210181030275,0.753912291814665,1,0.54536844631613,-0.168764918194337,0.211745221517961,0.320036986879326,0.292900697178263,0.284157707802514,0.274460810078272,0.428149797654579,0.397435164290364,0.423375837748647,0.458213439033145,0.490623689036207,0.459524132399353,0.196198936527485,0.0665553362062936,0.236030366689871,0.561801018423768,0.55274675145132,0.374579365994723,0.328534540696473,0.285736017093601,0.303518272358618,0.354353019901905,0.264594941797872,0.171393261306953,0.261599940242399,0.44065719233853,0.502329672860543,0.386904317332703,0.377796848933893,0.367712868414136,0.38991942029432,0.64110971398199,-0.237770218785005,-0.547509987721982,0.0181525084467868,0.528021174895036,0.4897671223187,0.245909395895151,-0.059144532504246,-0.23337250835341,-0.0978034904049384,0.455009505308369,0.356509708997508,0.346428096358745,0.354258028552358,0.142432966366363,0.455009505308369,0.356509708997509,0.346428096358744,0.354258028552358,0.142432966366364,0.0599139797061091,-0.646496842891165,-0.520068442909396,-0.350327044497733,-0.536713704074286,-0.201840417296041,-0.536713704074286,-0.0851792601725074,0.0246734455392215,-0.177630740780073
"prec9",0.181735244178231,-0.565514027167292,0.454246850333457,-0.267459039622264,0.415501029538912,-0.0764530899927337,0.813003329854028,0.98081738401179,0.674106122814798,0.397663046246866,0.375280819788645,0.521174212791779,0.54536844631613,1,0.656652154166357,0.324232255553807,0.371948967393342,0.327596666409978,0.365076274270761,0.311214402392532,0.348143179988316,0.259339951353237,0.235676919661357,0.26089036139497,0.31577848772911,0.495328014113328,0.387733618828673,0.153177863209948,0.136210605227135,0.26855305065938,0.271594760677858,0.359892556869421,0.331879446175941,0.129113744189541,-0.0606440897241414,0.42722509375711,0.391322452945194,0.235154506489522,0.242187894060884,0.302399921044081,0.312533241759776,0.319373272340377,0.29318293095991,0.190503294117834,0.0978981679450757,0.503437099585801,0.0632396260495815,-0.369385878381168,-0.425840774268919,-0.0487733001787716,-0.102072568434259,0.50917294693802,0.36531879509499,-0.227110927183948,-0.618170364791058,0.941169675658866,0.319657095637281,0.256040040697708,0.287987920607119,-0.0629656964911101,0.941169675658866,0.319657095637281,0.256040040697707,0.287987920607119,-0.0629656964911095,0.252172257103191,-0.127290105357821,-0.283487896509456,-0.395264872189254,-0.345380660976512,-0.19044017888074,-0.345380660976512,-0.053013169721631,-0.123089062200604,-0.497635087324194
"prec10",0.0540751361237479,-0.989054709399728,0.826887531995447,-0.519761302589976,0.475076084628424,-0.0405248047303871,0.202181318241992,0.554637420729639,0.886591852111794,0.866777382863126,0.89094299426887,0.163731361631282,-0.168764918194337,0.656652154166357,1,0.502391848618118,0.473044009990447,0.436110837213076,0.477850969353706,0.434471517469186,0.336408790173041,0.253730821416164,0.220217747828343,0.195790148240354,0.194219782645064,0.385333134728833,0.46660227678274,0.387085052120682,0.23859713057166,0.0356551996302415,0.0832026466627022,0.326449801711783,0.30862325352267,0.115365448930662,-0.12243218443158,0.450314006809005,0.483768492140831,0.414144525285723,0.350908329260316,0.240543229306954,0.205329333089536,0.297598233221594,0.2731246402242,0.153341575299537,0.00931002740192857,-0.0973362368636003,0.0240480009952062,0.0734985927401496,-0.395208998747253,-0.664244764182138,-0.602819882550683,0.42067128921148,0.337381984705423,-0.118598984150541,-0.564847959732995,0.789101830243018,0.368777436697609,0.23529417723546,0.299596641295001,-0.282576485811214,0.789101830243018,0.368777436697608,0.23529417723546,0.299596641295002,-0.282576485811214,0.0135362660572289,0.221470757134685,0.206758769202033,-0.25722865909876,0.119597124691144,-0.0548732726626384,0.119597124691144,-0.232024083741924,-0.125997910214266,-0.245145583393334
"tmin1",-0.688304197324078,-0.452179282451058,0.660189428412671,-0.959478704092203,0.247289076533382,0.640690199496194,0.35640677094289,0.168428703613434,0.128745195062761,0.244609476801711,0.468409699726938,0.56160600435611,0.211745221517961,0.324232255553807,0.502391848618118,1,0.975458017492458,0.986219222233019,0.991428908542329,0.982961224473358,0.963068700673619,0.94844484952786,0.932125530730388,0.920812505176006,0.907351754600846,0.901552583400788,0.898687110378357,0.947319744470807,0.941153249574989,0.811385838568392,0.845135882752075,0.921113271898539,0.904352070087242,0.868522365705116,0.761778449179611,0.970863454498683,0.964257580373582,0.976265472761486,0.978863695279071,0.935404116571863,0.915163722085788,0.9390814373734,0.932474491373557,0.904268720013506,0.840967151704681,0.115172213530512,-0.0853984667898472,0.388294758395989,0.379677086811548,-0.218768659263439,-0.0184431315110906,0.669021922168106,0.353654978977322,0.35711192425786,0.25388585647308,0.512899901414774,0.978954261038433,0.919442087026412,0.955479962506418,0.279913944165324,0.512899901414774,0.978954261038433,0.919442087026412,0.955479962506418,0.279913944165324,-0.51477896714859,-0.212231932510322,0.0430619228551534,-0.24301708134694,0.0167227354718849,-0.237622641793826,0.0167227354718849,-0.64695158921997,0.0227121972332815,0.174663837260659
"tmin2",-0.653399520193861,-0.408712834821641,0.619545675830867,-0.971525509111534,0.357243039434469,0.624289999178084,0.429193000156131,0.236274869971224,0.117814505160606,0.164813384602619,0.402615522187158,0.641033627624688,0.320036986879326,0.371948967393342,0.473044009990447,0.975458017492458,1,0.963652204375149,0.987993405342475,0.96365246174801,0.963115180668368,0.959229871124506,0.954961147244547,0.930352937095225,0.919777011135026,0.935836873535904,0.885819209495561,0.896305218420902,0.924610023452523,0.84682812266881,0.889340101950357,0.933322752085878,0.90006234733656,0.844038426177781,0.754338348973857,0.978279247029526,0.969900319178004,0.937733831515432,0.968004524911102,0.944536295783357,0.939026923224592,0.950765409284291,0.940608963127418,0.894829819361245,0.841797430130358,0.24185506965931,-0.162981661304841,0.288876302330418,0.342645459992868,-0.124183730854988,0.105785722949031,0.681870093311278,0.291636376232825,0.266832359347839,0.218600896126473,0.542673871083142,0.978850941183342,0.919716497803935,0.955580912886926,0.281182120170079,0.542673871083142,0.978850941183341,0.919716497803935,0.955580912886926,0.281182120170079,-0.484552416846788,-0.351141637736247,-0.00115463236366606,-0.186900276941989,-0.0126403747673016,-0.349922019074001,-0.0126403747673016,-0.53938435056252,0.0582564166001976,0.179023339209019
"tmin3",-0.65552281758922,-0.385463551433741,0.601124031862273,-0.914928977485504,0.257482897512047,0.717520942956718,0.385535953193038,0.179590555781905,0.065372826310856,0.203476494826507,0.430157259664815,0.662220450126723,0.292900697178263,0.327596666409978,0.436110837213076,0.986219222233019,0.963652204375149,1,0.980207998682549,0.989657678179156,0.98603350040989,0.966868909447544,0.950476271976141,0.955696061032041,0.936942437715637,0.903583531295421,0.888243484880723,0.953712914115933,0.954661014921694,0.840509441685382,0.875199271029624,0.94078023848851,0.92566000031166,0.894447761144316,0.789761137353364,0.965490091200958,0.952814567280414,0.986129685701309,0.981367691835165,0.954408763754956,0.942331465938966,0.958351417387534,0.952781152739756,0.934606257562164,0.87027001005348,0.146771701043221,-0.0834441775989342,0.372600511043694,0.440346651639845,-0.178795468800938,0.00899560810713101,0.687374893819766,0.369982888161484,0.351056697684161,0.268974791299091,0.518334775511964,0.988851206386705,0.936467146739486,0.969338917995877,0.309748937040091,0.518334775511964,0.988851206386704,0.936467146739485,0.969338917995877,0.309748937040091,-0.567039581314109,-0.308734261781103,-0.0209333817864382,-0.333006482281907,-0.0567340127566722,-0.269607281702639,-0.0567340127566722,-0.64052229652885,-0.0990869568228284,0.215864563482376
"tmin4",-0.667868983009484,-0.417307668541569,0.643222385422976,-0.955598036224206,0.278613510634106,0.604223626116515,0.410944981315874,0.216001438920866,0.126860172197109,0.207435041615531,0.428729808895728,0.591687162580806,0.284157707802514,0.365076274270761,0.477850969353706,0.991428908542329,0.987993405342475,0.980207998682549,1,0.987139702327242,0.971761065033422,0.965312208643677,0.956477852249664,0.941268971020484,0.932103604270384,0.936329958747995,0.927467620097738,0.932440100655833,0.937415503559028,0.849865402358945,0.885622620593734,0.950748212329437,0.930865000887944,0.878384974862509,0.77930625031718,0.986083247061893,0.985691444486651,0.965289286507173,0.98065039493778,0.958134037307046,0.941145706369897,0.963461840618229,0.958441371557895,0.919059376388267,0.86196309201999,0.211769509351372,-0.0498575674070985,0.357829166650655,0.351029056768788,-0.158142197692153,0.0738206930700837,0.720945906180228,0.370608719513405,0.338570891112233,0.253756538310886,0.532687457158652,0.988757365037575,0.940221335288219,0.971334739445193,0.323145828238327,0.532687457158652,0.988757365037575,0.940221335288219,0.971334739445193,0.323145828238327,-0.463625440696944,-0.287521129855054,-0.0218203619140067,-0.215961462234604,-0.028055417010109,-0.292770129388702,-0.028055417010109,-0.629701014974621,0.0412803691373603,0.201059962753565
"tmin5",-0.645305957018338,-0.381619688841787,0.595510892877804,-0.916855134371636,0.246798895811624,0.669356531241667,0.353408923175764,0.161981775644943,0.0940137597341207,0.22688580763091,0.450922113904782,0.611059717460259,0.274460810078272,0.311214402392532,0.434471517469186,0.982961224473358,0.96365246174801,0.989657678179156,0.987139702327242,1,0.976130319662212,0.964582415601954,0.958631086431104,0.953537964701128,0.929360044261521,0.897840817941257,0.917627597746207,0.949979303039435,0.939018307952913,0.831133957699226,0.873236766755327,0.946572518305507,0.93258920071356,0.885981580977801,0.787036928606454,0.960773236197302,0.968234150092868,0.979314187208182,0.975717696825644,0.954661168150715,0.936549525290729,0.960730411969986,0.960392446637404,0.928874686910491,0.865419790032292,0.139955557473818,-0.020967687047402,0.387663609071574,0.383242537687878,-0.212573670120081,0.0281107207352009,0.709960961930851,0.370450412704341,0.332170031113663,0.274751529755156,0.502537800306197,0.987869021460828,0.935494232992322,0.968352883449288,0.309291899131813,0.502537800306197,0.987869021460828,0.935494232992322,0.968352883449289,0.309291899131813,-0.503765930862876,-0.332681444908831,-0.0342516964077783,-0.292648070769663,-0.0485307142502355,-0.256893527790556,-0.0485307142502355,-0.69773253436279,-0.0579976449619036,0.300130434348698
"tmin6",-0.679616461698746,-0.269454908783401,0.508268425791675,-0.893083945867388,0.251969598681678,0.730164130098608,0.483864205073594,0.217104961099579,-0.0175664424451417,0.0681640066326131,0.300534779111176,0.723281500921406,0.428149797654579,0.348143179988316,0.336408790173041,0.963068700673619,0.963115180668368,0.98603350040989,0.971761065033422,0.976130319662212,1,0.988104759256567,0.977951710056051,0.98517301466684,0.975142360790285,0.934090193833314,0.876087929880474,0.917552282940389,0.955524325215203,0.907621429632384,0.936108839850552,0.95703048426894,0.936358170050165,0.912355639248788,0.832393975389328,0.971469762655179,0.946164649251013,0.959750396548483,0.978021231775191,0.983442255200663,0.98184384900891,0.976843380228986,0.971390084916036,0.957995283264344,0.911990057928916,0.262061800869687,-0.108190508106564,0.296912457887327,0.460995811194126,-0.0382323269424655,0.145587747676652,0.689146029965364,0.337752782046973,0.334714612614718,0.302570208597693,0.506886781308255,0.994154829586505,0.956171134780035,0.982513775062009,0.362701700172056,0.506886781308255,0.994154829586505,0.956171134780035,0.98251377506201,0.362701700172056,-0.545942268944763,-0.4044514988165,-0.0846997593540318,-0.305053716993518,-0.106678948154177,-0.316496978867257,-0.106678948154177,-0.606580087655605,-0.0516900758431562,0.204775144935085
"tmin7",-0.725863183586915,-0.191531677791726,0.492593083276143,-0.894793684102541,0.236317673865479,0.698735933675568,0.430193570277959,0.125792509180716,-0.110859337874889,-0.0125763725681098,0.221405975918683,0.675466768657636,0.397435164290364,0.259339951353237,0.253730821416164,0.94844484952786,0.959229871124506,0.966868909447544,0.965312208643677,0.964582415601954,0.988104759256567,1,0.993619737873689,0.993522108649907,0.986879789138696,0.942221524807342,0.891921540846395,0.924960921700771,0.975526754743504,0.940609712169105,0.965839608730158,0.97234556908268,0.954836569405706,0.946301569935093,0.893975659544499,0.969077570055406,0.952511105377815,0.95502866969769,0.986341302463629,0.995216521525281,0.992205198464508,0.990801367223897,0.988886894638673,0.98083901201611,0.953797351315237,0.309314704336451,-0.0665737620773886,0.369036992475886,0.528775799176598,0.0390559606408114,0.258810159835277,0.708899959680187,0.352456723842336,0.411129097264861,0.418043952759219,0.403325842501454,0.991017046863604,0.981088430931816,0.994589036205819,0.459152795652229,0.403325842501453,0.991017046863603,0.981088430931816,0.994589036205819,0.459152795652229,-0.559266985833091,-0.417745081953936,-0.0924251305554805,-0.198563407380138,-0.0834949885657253,-0.372504949854589,-0.0834949885657253,-0.570868625611489,-0.00291267563017315,0.268304733163775
"tmin8",-0.70256540200094,-0.15209595424034,0.434821689326103,-0.889508359413991,0.218130960235225,0.704411136312539,0.420275054699495,0.111888683558888,-0.119913920989428,-0.0390512531820538,0.205195049307457,0.673216638591391,0.423375837748647,0.235676919661357,0.220217747828343,0.932125530730388,0.954961147244547,0.950476271976141,0.956477852249664,0.958631086431104,0.977951710056051,0.993619737873689,1,0.990112160682105,0.974948243735616,0.921760603885431,0.872699586783604,0.895206226173505,0.952741942632842,0.931211193878081,0.964776047984318,0.956739722870233,0.933304589647888,0.919494791804742,0.881577224035877,0.950050117800347,0.940268316164454,0.931069661903466,0.969524018503733,0.987151524216399,0.986788927042359,0.979031962030784,0.979849397423028,0.964239018431123,0.94131501321969,0.294238128882562,-0.0987080996245753,0.31935347359562,0.486674324785311,0.0324976023548822,0.281075555813839,0.675983013198179,0.280781102732694,0.343592441135694,0.409541028817834,0.385108305795779,0.982906505486242,0.962200309274634,0.980550000064285,0.417458073781625,0.385108305795779,0.982906505486242,0.962200309274634,0.980550000064285,0.417458073781625,-0.513857855930458,-0.471515064844629,-0.12665926889913,-0.200637243929179,-0.111320031183665,-0.342257030660501,-0.111320031183665,-0.596912717728099,0.0352473791934992,0.319352082276529
"tmin9",-0.691675294739586,-0.130304285389563,0.427157019012206,-0.843995703034516,0.205447266029059,0.727689229124754,0.454428515699264,0.136118819962156,-0.148817740149701,-0.0468607294169612,0.183046112753327,0.716821392172544,0.458213439033145,0.26089036139497,0.195790148240354,0.920812505176006,0.930352937095225,0.955696061032041,0.941268971020484,0.953537964701128,0.98517301466684,0.993522108649907,0.990112160682105,1,0.990207305877472,0.924774743007436,0.871824219139225,0.90542653097427,0.959850934350569,0.945908687143706,0.97028968283509,0.966134826109829,0.950795135951267,0.944771091433704,0.897597872798273,0.946384933719921,0.927380282803594,0.939110327272788,0.96662152550101,0.992423845531428,0.99320695275306,0.984434057076986,0.985022923859923,0.982908661022848,0.957376815826396,0.323271294508447,-0.0502105327539988,0.337475150795517,0.538790098502105,0.0668455555855338,0.278621146126586,0.704573484503822,0.349419708675384,0.392195791768091,0.420772131571727,0.399045583777434,0.979472829030139,0.973303688081725,0.984982772375929,0.466534442899743,0.399045583777434,0.979472829030139,0.973303688081724,0.98498277237593,0.466534442899743,-0.550487592911909,-0.47018968078247,-0.154739671502828,-0.260135043274508,-0.14875671126719,-0.356351663197957,-0.14875671126719,-0.588173826183435,-0.0561407136900519,0.293089915165431
"tmin10",-0.708557912585755,-0.123304283636509,0.451929061957303,-0.829832685890628,0.202299046084871,0.660759507112125,0.526606798283591,0.190584868116831,-0.153088431871942,-0.0844882738993087,0.125827550776109,0.705289292316768,0.490623689036207,0.31577848772911,0.194219782645064,0.907351754600846,0.919777011135026,0.936942437715637,0.932103604270384,0.929360044261521,0.975142360790285,0.986879789138696,0.974948243735616,0.990207305877472,1,0.956144386415341,0.883761366695617,0.889339067243244,0.954964060726663,0.974857553007897,0.984227773835124,0.973762987006411,0.962083554453077,0.957957968252184,0.909362074392792,0.95741167760161,0.928302858146758,0.921609237283765,0.959716390438428,0.995597917157258,0.99594002656457,0.986015163456987,0.984315855563345,0.985887703731504,0.968571238277648,0.42160256932268,-0.00318676384221473,0.336036241540216,0.545535475284997,0.158166481027008,0.34278103232677,0.742406685878479,0.413161174182401,0.451336622048391,0.431195581523502,0.414679846828886,0.967880415082959,0.984097273655269,0.985447075194655,0.538966632484612,0.414679846828886,0.967880415082959,0.984097273655269,0.985447075194655,0.538966632484612,-0.519387713133499,-0.423348076800353,-0.174879881398247,-0.211726235598065,-0.158578254185676,-0.39529104862063,-0.158578254185676,-0.530440715606928,-0.0159580258675307,0.199407337077867
"tmax1",-0.631454878517457,-0.309619078165711,0.619685018099971,-0.860386450556347,0.351140030369748,0.474967582657478,0.603048636681093,0.365353312495266,0.0535317941931338,0.0473226441139956,0.224849732483045,0.66787269230371,0.459524132399353,0.495328014113328,0.385333134728833,0.901552583400788,0.935836873535904,0.903583531295421,0.936329958747995,0.897840817941257,0.934090193833314,0.942221524807342,0.921760603885431,0.924774743007436,0.956144386415341,1,0.922945336582975,0.85125488010293,0.901255398944823,0.931785090662293,0.940322205555569,0.969588694259873,0.952548436013804,0.894407309947158,0.806697048642767,0.978966518491642,0.956976060699743,0.885252794400699,0.931438267356192,0.95647322871156,0.952679619856818,0.964509753572416,0.954508072571601,0.92060067934707,0.888554164214979,0.53362417414454,0.0472614754239994,0.304259776450697,0.391939619213341,0.135212038970665,0.32139985051527,0.829280099143235,0.505420932873655,0.420813168198035,0.276114362221121,0.561103129623042,0.938994022062085,0.955133936561144,0.95625754047476,0.52430319422079,0.561103129623042,0.938994022062085,0.955133936561144,0.95625754047476,0.52430319422079,-0.410616200320018,-0.343430213676092,-0.144103232920916,-0.125914714909569,-0.118749804969907,-0.487692019848925,-0.118749804969907,-0.407160015879825,0.0299726413072237,0.0542145035279399
"tmax2",-0.575314817251891,-0.423022967816252,0.738236925895909,-0.830243462043819,0.297032481900722,0.358413022308874,0.357108544472357,0.223873592182415,0.163004460083423,0.277306446359263,0.419146138621205,0.463096639570579,0.196198936527485,0.387733618828673,0.46660227678274,0.898687110378357,0.885819209495561,0.888243484880723,0.927467620097738,0.917627597746207,0.876087929880474,0.891921540846395,0.872699586783604,0.871824219139225,0.883761366695617,0.922945336582975,1,0.913640396014671,0.874244328104017,0.815775001485825,0.836975034721237,0.957751717192472,0.966371853855384,0.885058553576156,0.772545940858342,0.934938743004022,0.972148834837719,0.912633000673174,0.912232307154253,0.904452534790805,0.86927549020216,0.936153156060279,0.939594360014375,0.891404491565436,0.837382824977146,0.362319201214009,0.313453732148626,0.53620741540057,0.338534146099019,-0.101748525080027,0.17497792254134,0.905579609481154,0.650978359533971,0.514219975994817,0.313593859806619,0.488707086609913,0.906565210308949,0.932133280286399,0.928657365052946,0.541082107849949,0.488707086609913,0.906565210308948,0.932133280286399,0.928657365052946,0.541082107849948,-0.364118442548798,-0.222713664302128,-0.0953731637725486,-0.103011242396455,-0.0429932092760016,-0.412606389599602,-0.0429932092760016,-0.560822973504488,-0.0552173330512262,0.262754507912562
"tmax3",-0.702360424278652,-0.373000208531567,0.678596701557811,-0.869577939929832,0.23538341610645,0.627083994749992,0.17145760999236,-0.0206082613204566,-0.0123573497955391,0.236192605565304,0.431594489129754,0.493973515854941,0.0665553362062936,0.153177863209948,0.387085052120682,0.947319744470807,0.896305218420902,0.953712914115933,0.932440100655833,0.949979303039435,0.917552282940389,0.924960921700771,0.895206226173505,0.90542653097427,0.889339067243244,0.85125488010293,0.913640396014671,1,0.965014945773856,0.794638365559384,0.820149531916032,0.926647240275409,0.935859805997704,0.930848816933554,0.834793376640876,0.918165299652603,0.932127319532296,0.990396877498627,0.965519790302812,0.909627110852883,0.879977956647776,0.932251108044176,0.932991295619909,0.932321174065237,0.876971257008589,0.102668050592062,0.108375659846782,0.634418328422429,0.571832635573961,-0.19301685809501,0.0245001213755064,0.738046567571041,0.519600532150692,0.566817215252764,0.440004323041854,0.340292513537396,0.937707486246524,0.93740330591482,0.946025842634199,0.466212199915206,0.340292513537396,0.937707486246524,0.93740330591482,0.946025842634199,0.466212199915205,-0.650571249332463,-0.190370015833523,0.0752319721567037,-0.184171768414074,0.0741341791755851,-0.336041025240577,0.0741341791755851,-0.600523367415894,-0.158518244509254,0.329665691448777
