"","SICA","year","DefectosTotales","ASNM","Luminosidad","prec1","prec2","prec3","prec4","prec5","prec6","prec7","prec8","prec9","prec10","tmin1","tmin2","tmin3","tmin4","tmin5","tmin6","tmin7","tmin8","tmin9","tmin10","tmax1","tmax2","tmax3","tmax4","tmax5","tmax6","tmax7","tmax8","tmax9","tmax10","tmean1","tmean2","tmean3","tmean4","tmean5","tmean6","tmean7","tmean8","tmean9","tmean10","dtr1","dtr2","dtr3","dtr4","dtr5","dtr6","dtr7","dtr8","dtr9","dtr10","PrecTotal","TminTotal","TmaxTotal","TmeanTotal","DtrTotal","PrecTotalAvg","TminTotalAvg","TmaxTotalAvg","TmeanTotalAvg","DtrTotalAvg","OrientationNum","Slope","pH_avg","org_avg","Franco","Arcilloso","Limoso","Cascajoso","PuntajeTotal"
"SICA",1,0.17469911786053,-0.110620846450584,0.0567661589625367,-0.075153611791181,-0.217475970641543,-0.196783253680181,-0.111254478813308,-0.117817742381656,-0.0554098363767822,-0.09702874598212,-0.194095072964308,-0.0939372394826792,-0.0493210418540747,-0.192698536305102,-0.0855759742289738,-0.0519620033693104,-0.0311720762723659,-0.0657308641365302,-0.00172383370086683,-0.0365961714846509,-0.0709948867549966,0.00356780122377458,0.0105895200355269,0.0091220311852322,-0.0293942435344556,0.0860131879708867,0.0235626505963394,-0.0609545085292995,-0.00303691907928106,0.0577430207136137,0.0854924248160775,0.041716697003978,0.0146973251994793,0.0301357468292913,-0.0534051892816686,0.0347783511765966,0.00203398280942058,-0.0657559686679097,-0.00268321316753058,0.0184517738488086,0.0241071555866785,0.0278356293310995,0.0137467887498421,0.0236809465851366,0.0498411338171901,0.207269229002868,0.0858637199854945,-0.0300214344705005,-0.0026583140727432,0.147018586592354,0.240513246267724,0.0745725539877734,0.0134183799490281,0.0400577082895,-0.183024513446337,-0.0337179340070388,0.0255256213436242,0.00212189056109144,0.0922951075653981,-0.18302451344626,-0.0337179340068287,0.0255256213436666,0.00212189056104556,0.0922951075653828,-0.0125670664117277,0.0343676491611437,-0.17770745816455,-0.0463296514305897,-0.0576473225835881,0.00739344402838463,0.0551786827331229,0.0153065026781386,-0.00997220664906405
"year",0.17469911786053,1,-0.704874249542104,0.18195239329647,-0.0885918529389274,-0.0305320209175582,0.0392782162423701,-0.491380622191569,-0.790398468269369,-0.776699693392287,-0.769328663576001,-0.435025961883326,0.156046620154999,-0.466598604804079,-0.910450369755218,-0.176042482303178,-0.270836094128617,-0.210284166015168,-0.239095222465626,-0.197001049119759,-0.043841189151237,-0.000509526687333487,0.0749228265807325,0.0851468561025729,0.192285677996847,0.053895364685601,-0.0395815976943926,-0.0832365582951651,0.103824343565302,0.355708946182286,0.354497327237238,0.183051183875338,0.116720412930944,0.295530441237502,0.519772855376034,-0.0385817352938495,-0.131894966455988,-0.13686592363394,-0.0333299148288461,0.13823648222026,0.193785604705448,0.114009354001624,0.103438743797195,0.225694946945094,0.421266959966685,0.314462185304891,0.222184076856741,0.105038939670211,0.436147191406938,0.714204295160868,0.670671938172197,0.333261251729472,0.132499940640946,0.397267865461102,0.660660750834836,-0.733082441027963,-0.087026078429027,0.197909984694447,0.0874597890210747,0.494029950909645,-0.733082441027959,-0.0870260784288031,0.197909984694856,0.0874597890210475,0.494029950909544,-0.0781671514776976,0.0391139984764085,0.00569782613089192,0.0440062642890605,0.0809577501131734,0.00469041967386983,0.0223189395392249,0.0140671747340707,0.27049784868986
"DefectosTotales",-0.110620846450584,-0.704874249542104,1,-0.286017479132226,0.091975792313757,0.0691765020193556,0.0335644517245701,0.372852691263797,0.597033364815315,0.581812737334856,0.608032195087188,0.402419461468545,-0.0603937597492199,0.377302346900527,0.665833659555701,0.245407169104346,0.315197756036285,0.281023048259437,0.298160179658161,0.272704488150898,0.170875089264893,0.129750807395212,0.0834614007517049,0.0628778881049455,0.00844888845324198,0.100237939593811,0.167829332281508,0.212664306242616,0.0839878409178777,-0.101887931104608,-0.10851480106597,0.0256431344906367,0.065360859580642,-0.0538957611138763,-0.225704324914144,0.163088141880467,0.231655376894973,0.245972235409023,0.176543882147512,0.0558497095799101,0.0107795106746446,0.069436062406497,0.0742577478076464,-0.0100377458561895,-0.149191715592823,-0.113383929775325,-0.0444106862690878,0.0582149661890251,-0.186304670610354,-0.42297975202332,-0.407227476860534,-0.109024318899881,0.0255268831676222,-0.150652499277001,-0.366442719889376,0.581480104660903,0.197427774085502,0.0162480794627842,0.0904721627717409,-0.219340536149466,0.581480104660819,0.197427774085418,0.0162480794624503,0.0904721627721253,-0.219340536149427,0.0411859477581157,-0.0674452640500422,-0.00420261464182876,0.0215249514399361,-0.00121307904386526,-0.0337876637042903,0.00848046083415483,-0.0197153355083513,-0.241589784642602
"ASNM",0.0567661589625367,0.18195239329647,-0.286017479132226,1,0.0417380109734063,-0.202533395877146,-0.200633896771212,-0.217699550882729,-0.260698038565876,-0.308207414331848,-0.314632083886152,-0.331644475446614,-0.202625266456969,-0.276039689200525,-0.265897801223551,-0.770987701503501,-0.793888822756821,-0.799662661127452,-0.79725844210386,-0.789852799033738,-0.780418862709543,-0.760590702260233,-0.758766358546941,-0.764901605080911,-0.735456282195637,-0.757141863692252,-0.759718607084232,-0.756064078177573,-0.723021746491852,-0.649224917601213,-0.662376402318762,-0.722359426392853,-0.75875549208072,-0.660667222289331,-0.529939461832541,-0.788000709943215,-0.79978424930232,-0.793762024382072,-0.787253387826872,-0.759553951867969,-0.745999835696223,-0.7639684409103,-0.779349248687067,-0.732608343221319,-0.627431587266921,-0.463293544834622,-0.480888880379475,-0.461143749579001,-0.33682279657991,-0.142807444448142,-0.147240155187975,-0.400449240771417,-0.542712592045702,-0.315039951644956,-0.206840447224239,-0.367683674033664,-0.803064644285416,-0.734146583513969,-0.782837997582521,-0.402216229110414,-0.367683674033656,-0.803064644285932,-0.734146583513472,-0.782837997582144,-0.402216229110524,-0.0473609948846193,0.0697745016758572,0.107185378682693,0.0884417440084581,0.0676168238417366,-0.158630753407457,-0.0605845269797021,0.0403091181091987,0.0527138852042586
"Luminosidad",-0.075153611791181,-0.0885918529389274,0.091975792313757,0.0417380109734063,1,0.0267214317041946,0.110509136524861,0.225451252435253,0.175187057871736,0.132357966492327,0.114809026833417,0.124165178298482,0.074665490698896,0.191520255981987,0.15335530735983,0.0812294031212513,0.0803813405497707,0.0366737404855052,0.0846090673772569,0.0714929888882053,0.0421071411536809,0.0632592385251129,0.0642140951776684,0.049875477570663,0.016397630041832,0.0513948073298597,0.0447470847603328,0.000366472045901677,-0.0214818010484592,-0.00735050071465216,0.0203000289356098,0.0272435375146846,0.0172584723188955,-0.022229852445693,-0.0466510840227765,0.0653357293051832,0.0603264789677079,0.015071354010429,0.0214432537417053,0.0268977104033897,0.0309608164822626,0.0430513757292625,0.0362056284233669,0.00536281973668409,-0.0254606141291365,-0.00377278089857151,-0.00790025218494043,-0.0460238276051298,-0.128779003622103,-0.0828444728073642,-0.0188146188901285,-0.0263653397076455,-0.0427153343984966,-0.0860169214552344,-0.0884179886070568,0.201052713184764,0.0611467017318016,0.00569441523871104,0.028431887242971,-0.0666505284576916,0.201052713184838,0.0611467017322878,0.00569441523903754,0.0284318872431046,-0.0666505284576234,0.0334080806615238,-0.0696876975355144,0.233450278862003,0.127685494801197,0.143101985211517,-0.133274655677618,0.107625866338782,0.00311019470119077,-0.012308451325407
"prec1",-0.217475970641543,-0.0305320209175582,0.0691765020193556,-0.202533395877146,0.0267214317041946,1,0.523344018671871,0.213604298917678,-0.15088105428638,0.0418168300120646,0.309593361564227,0.618503770890245,0.361440023991544,0.282555596299301,0.0935919399925229,0.318917098081496,0.233796032477654,0.296990773173442,0.27274285140997,0.277266478503908,0.395560911123613,0.358603703222664,0.235258643133945,0.316251835702411,0.333001547723362,0.216138560976809,0.0491526492082085,0.277913280297006,0.444556997876141,0.273048930756279,0.212704610905357,0.271533094922076,0.257038300783084,0.26131937882903,0.23369950327133,0.26546429048468,0.123474717213182,0.293005349930859,0.39402491274148,0.295210625009981,0.304089924390406,0.317113748068615,0.255442098092793,0.295214355075155,0.279874325486647,0.0117909640398261,-0.165442485442447,0.165617433687865,0.445592084482057,0.115529580559275,-0.13860970658211,0.0633312895459404,0.209393976416628,0.11094225973049,0.0837126335234694,0.377034449245648,0.315391275131403,0.26347413935836,0.292016530070695,0.109814019259085,0.377034449245641,0.315391275131323,0.263474139358177,0.292016530070712,0.109814019259103,0.0219453560375798,-0.0443855222161738,0.228616696357362,-0.125657570466044,0.152768200885756,0.0090783700521471,0.0880054798729918,-0.100125131124613,0.0113249484639815
"prec2",-0.196783253680181,0.0392782162423701,0.0335644517245701,-0.200633896771212,0.110509136524861,0.523344018671871,1,0.647614563690137,-0.0920636873445755,-0.244382742839569,-0.0257204434147464,0.60777619446702,0.81128449107151,0.700260915888581,0.117604353571672,0.262152864429612,0.257893060979403,0.220904621432653,0.300444488962158,0.178195494466244,0.33819756565243,0.365114576522698,0.317172994580714,0.306170474537645,0.375399263305129,0.406496129324639,0.053070347283697,0.00168336873268629,0.285772718489415,0.401908713616181,0.33496841852056,0.314548502258054,0.227266731916179,0.151118811548117,0.196184385257723,0.360838378601988,0.13546394919448,0.0904566290916419,0.305086867273826,0.333061799273932,0.3521187963548,0.346635652532208,0.268815368791532,0.219656040204954,0.270118295924477,0.433742269637296,-0.184514311263391,-0.278251292643807,0.149217553961475,0.402236357580828,0.146875157060011,0.133691963632033,0.0571363215653029,-0.0588081709184969,-0.0126660350869092,0.511636522836372,0.300524127698693,0.246850519083993,0.275640893704463,0.0964923524532644,0.511636522836414,0.300524127698953,0.246850519083751,0.275640893704305,0.0964923524532559,0.0749706440217472,-0.0359691466115933,0.177788316332392,-0.107749336615719,0.13473398203639,-0.0959614628811715,0.0957954605265412,-0.149820207057905,0.0416078843479356
"prec3",-0.111254478813308,-0.491380622191569,0.372852691263797,-0.217699550882729,0.225451252435253,0.213604298917678,0.647614563690137,1,0.521126960508184,0.368199853025696,0.386470144327194,0.572557147065105,0.427541995110887,0.940153812971056,0.698896047702507,0.35231248778379,0.334255489547089,0.284394619270191,0.347193173780799,0.257373297012419,0.237893384533553,0.269020605977041,0.21544838067295,0.210363728698445,0.13476616654715,0.325140968950312,0.129903004266122,0.0295525314272002,0.0463357962725653,0.0594962471096767,0.100874514647618,0.189341060735605,0.106959908602458,-0.100254641578084,-0.19061142865944,0.347094808579328,0.21480492130015,0.133482264526299,0.173033924637602,0.151245440792527,0.166607240071082,0.228934971455153,0.152556740136032,0.0184023143008263,-0.0791637057188818,0.173080089945628,-0.131650683356015,-0.304604343933356,-0.303154654270375,-0.173723919822114,-0.130242498373259,0.0214145067481304,-0.0507066440728268,-0.373396272180514,-0.419904565981754,0.866146865743876,0.27494369960613,0.0685274384834995,0.154495787999389,-0.216525109829986,0.866146865743905,0.274943699606596,0.0685274384830391,0.154495787999306,-0.216525109829921,0.098735320147224,-0.0605118459068266,0.16542001192905,-0.0450178122319808,0.0826506476596434,-0.112056912285813,0.100407142596158,-0.0842204186332247,-0.0934530714626613
"prec4",-0.117817742381656,-0.790398468269369,0.597033364815315,-0.260698038565876,0.175187057871736,-0.15088105428638,-0.0920636873445755,0.521126960508184,1,0.847754037881115,0.729106313091383,0.386007930414255,-0.0929086280414028,0.419096872010803,0.823470508494614,0.292584389374475,0.391516566544412,0.340501649395511,0.324447830340361,0.352386812874007,0.185001801105035,0.11463931186767,0.127237154208346,0.0824149425795174,-0.032290625132076,0.155190694207956,0.301569521042126,0.274395412696104,0.0276903300838891,-0.129646343328494,-0.0669493181860517,0.0463082490163174,0.101795846526436,-0.0308140406072143,-0.249449324826584,0.216680806471143,0.347506306369949,0.308428823087971,0.151827297213132,0.0734425892808732,0.0420790047558378,0.0761071824062975,0.114570306769166,0.0127048871295053,-0.18016193098889,-0.069055584613007,0.108592074099828,0.103274254099464,-0.309443917702767,-0.543656139760657,-0.353299213103422,-0.0533457777922628,0.0429804747113838,-0.132478239089031,-0.368973582190043,0.724599837206089,0.23032684544586,0.0435912161330225,0.120845813182798,-0.208157579914212,0.724599837206006,0.230326845446071,0.0435912161327495,0.120845813182931,-0.208157579914094,0.0893446556254071,-0.092296651416329,0.0494306473096347,0.0390057761645925,0.0599276777414483,-0.156549071909171,0.107617851831944,-0.0956359951120174,-0.213040858757788
"prec5",-0.0554098363767822,-0.776699693392287,0.581812737334856,-0.308207414331848,0.132357966492327,0.0418168300120646,-0.244382742839569,0.368199853025696,0.847754037881115,1,0.907600375090605,0.345328505755018,-0.350165107692929,0.322876698603001,0.80746262287362,0.398268064988509,0.405243005716501,0.402170734320965,0.396831060503501,0.418305926277943,0.263492267482686,0.20960766038158,0.149136734343077,0.146678241295522,0.0133448139283853,0.140886170255108,0.3318147692392,0.39392515674211,0.15145505951463,-0.138394450286135,-0.0975661360400633,0.0978133873655735,0.182226924908851,0.0151313831024971,-0.214279547111668,0.251093146052812,0.372316783793311,0.407709840929074,0.260054885100727,0.0969957436211629,0.0586006279439158,0.147355956462644,0.174149548574176,0.068047055633332,-0.139686515782619,-0.224386755940745,0.147000044712679,0.25870804754495,-0.181499357622139,-0.622896404021214,-0.507027600141244,-0.0736539473482794,0.169145350121673,-0.121609447616033,-0.352500418203342,0.668746593219012,0.295694258614949,0.0900230796224735,0.17629215165526,-0.201238073557957,0.668746593218987,0.295694258614656,0.0900230796222776,0.176292151655331,-0.201238073557817,0.0325078513767458,-0.0566124446333175,0.0361975663647759,-0.00212697077669386,0.0137339617250587,-0.0308310262824931,0.0702776350049953,-0.0459365596853032,-0.195230384286214
"prec6",-0.09702874598212,-0.769328663576001,0.608032195087188,-0.314632083886152,0.114809026833417,0.309593361564227,-0.0257204434147464,0.386470144327194,0.729106313091383,0.907600375090605,1,0.545311167671743,-0.189184108689871,0.399971537538346,0.785375924467265,0.400446845232126,0.424959712000867,0.408017578791531,0.439222812597219,0.431757000218742,0.329481760360659,0.27632900609702,0.182918044165674,0.169970851195424,0.0660045408900572,0.128356082390359,0.255495427642743,0.372561572337939,0.231806280965654,-0.0780168186922658,-0.0943431747886022,0.103050893251234,0.184851287766028,0.0215033113932983,-0.200529463564211,0.244176631641988,0.331082212791334,0.396792940172497,0.328414123188513,0.141152952929541,0.0899184679009772,0.178101941660372,0.189106589100414,0.0814302075773737,-0.111086416915886,-0.250262563559378,-0.00847766182985897,0.209427463499536,-0.093388152065413,-0.549019671357082,-0.586069807907367,-0.144162305385813,0.134487964779847,-0.13444510103738,-0.37618745852474,0.748564716674859,0.32935495591759,0.096547244802475,0.194048325083101,-0.23136126045785,0.74856471667484,0.329354955917186,0.0965472448022517,0.194048325083117,-0.231361260457739,0.0331463080236403,-0.0318853405276688,0.078793713593656,-0.029327424859247,0.0649089142449252,-0.0442899137726331,0.091628796201451,-0.0966131237433393,-0.206348962166795
"prec7",-0.194095072964308,-0.435025961883326,0.402419461468545,-0.331644475446614,0.124165178298482,0.618503770890245,0.60777619446702,0.572557147065105,0.386007930414255,0.345328505755018,0.545311167671743,1,0.622242050127857,0.564750776719729,0.465048230796226,0.334639838133789,0.397515385005895,0.41649195379707,0.402502277061632,0.397747360874874,0.440760088643536,0.38403288569663,0.315380144852304,0.347521427509722,0.331719846784214,0.330509459754518,0.198781585302987,0.287850074683748,0.352304499749262,0.251484827921529,0.19237726248944,0.251343658439623,0.283322652591143,0.19932340401261,0.0591874119686016,0.343195464167417,0.28388873273252,0.347551271705716,0.3894084892295,0.334729658619448,0.311981509463634,0.314988605050249,0.303626700540049,0.267370443893394,0.161653652429287,0.204570703669914,-0.0786602488708683,0.0327665424372169,0.148741283555932,-0.0373743101929742,-0.231808833691578,-0.00385801235958865,0.165065437850586,-0.0214003281290413,-0.192855242555368,0.774289361219834,0.392109602031622,0.251744965219041,0.315969213064709,-0.0103792380683617,0.774289361219808,0.392109602031883,0.251744965218862,0.315969213064933,-0.010379238068337,0.113605773909088,-0.0837456687317836,0.152875411560485,-0.135365072267672,0.129443830924048,-0.127609363105426,0.146596615072525,-0.205521634573685,-0.103084695940725
"prec8",-0.0939372394826792,0.156046620154999,-0.0603937597492199,-0.202625266456969,0.074665490698896,0.361440023991544,0.81128449107151,0.427541995110887,-0.0929086280414028,-0.350165107692929,-0.189184108689871,0.622242050127857,1,0.423929514716108,-0.108442304542038,0.167031130642953,0.241702355946485,0.226786264578734,0.253916599232979,0.200280976725888,0.342863986748577,0.352476025123309,0.348236690747745,0.356336031027699,0.431690093107313,0.430492883317839,0.150084823374959,0.0694611869922637,0.293692420911932,0.490061924926629,0.426437814155557,0.32563190439212,0.276017922482897,0.280411459165525,0.304292843043319,0.336797198773855,0.191368429714464,0.134979846248167,0.290832853134651,0.398612384730273,0.409234114622041,0.3483464588626,0.311928755263443,0.323522280551795,0.363718181869726,0.59416003598129,0.00356417698092238,-0.153042533305539,0.213512863859824,0.507628087231734,0.29943392154989,0.16899206835073,0.112747539117183,0.102113013859273,0.110644392070372,0.325904429243258,0.299801400013173,0.318691906912444,0.319956665394354,0.236609344271747,0.325904429243219,0.299801400013812,0.318691906912411,0.319956665394534,0.236609344271707,0.0861598011146727,-0.0594942786008628,0.0770254825580928,-0.129769731568719,0.055769371850396,-0.10336364044385,0.0626654532029324,-0.185157289834423,0.0445256426655612
"prec9",-0.0493210418540747,-0.466598604804079,0.377302346900527,-0.276039689200525,0.191520255981987,0.282555596299301,0.700260915888581,0.940153812971056,0.419096872010803,0.322876698603001,0.399971537538346,0.564750776719729,0.423929514716108,1,0.672230196363793,0.394497108514115,0.392571351491055,0.331318614674692,0.418596350607821,0.314203243409924,0.314157996074381,0.332446602426867,0.285924809405455,0.268104373102788,0.220956529489534,0.360812039530668,0.162069371085653,0.0808681807572522,0.119120953976327,0.104996117756043,0.139647349128637,0.261513866312773,0.164406368980536,-0.0623585604001766,-0.150729149408017,0.38662271031343,0.258380414944583,0.184381360234723,0.24861918344523,0.205128216392764,0.223890199321641,0.300089726257005,0.216689856347343,0.0659287262873195,-0.020627807440881,0.187762592575649,-0.137904981285646,-0.263936852352816,-0.259535590727407,-0.165204416395666,-0.160843761396278,0.0764969394238046,-0.02489502581499,-0.369155193001975,-0.431024584190462,0.85159950177632,0.339965128239754,0.119383293134831,0.212548344891345,-0.200594183027237,0.851599501776393,0.339965128240028,0.119383293134335,0.212548344891185,-0.200594183027183,0.0788702131646564,-0.0245126301453214,0.130850360991577,-0.0791038899038679,0.0738563535623661,-0.0768003162770934,0.103695741795808,-0.111778566436977,-0.0872329994771558
"prec10",-0.192698536305102,-0.910450369755218,0.665833659555701,-0.265897801223551,0.15335530735983,0.0935919399925229,0.117604353571672,0.698896047702507,0.823470508494614,0.80746262287362,0.785375924467265,0.465048230796226,-0.108442304542038,0.672230196363793,1,0.351763292985161,0.366045561337618,0.304273529125505,0.357423055018512,0.293915441910106,0.1632671351786,0.152242274213531,0.0695002961056665,0.0665277061022208,-0.0671101495264434,0.111326772523933,0.128089513631419,0.149777840300284,-0.0209855155725298,-0.244075617886569,-0.196958070577499,-0.0112680428810955,0.00697098965788855,-0.221660076404941,-0.427673673420737,0.21360335362185,0.226140297213157,0.216281418583619,0.134698794812283,-0.024799200875492,-0.0458245333752842,0.0556671348751559,0.0317678559388786,-0.117523621496309,-0.313193421347868,-0.222477491403642,-0.169091375801826,-0.0945462591775969,-0.427149843778296,-0.650366031563008,-0.550768706115169,-0.203077722164436,-0.0683354796580507,-0.428020835516448,-0.622428491976243,0.864840173055248,0.217843177541453,-0.0797007329573155,0.039204735264979,-0.431186334901899,0.864840173055265,0.217843177541395,-0.0797007329578433,0.0392047352648311,-0.431186334901789,0.076932350708154,-0.0338633457248735,0.0766098575406709,-0.00517039102115611,-0.000767203786545515,-0.0102877141580331,0.0383588904532965,-0.00504579047773801,-0.217352309774178
"tmin1",-0.0855759742289738,-0.176042482303178,0.245407169104346,-0.770987701503501,0.0812294031212513,0.318917098081496,0.262152864429612,0.35231248778379,0.292584389374475,0.398268064988509,0.400446845232126,0.334639838133789,0.167031130642953,0.394497108514115,0.351763292985161,1,0.941512970937683,0.94131235435421,0.956861069044461,0.932214344888227,0.919621245415964,0.932665519747941,0.894063209995993,0.901781344610674,0.842276294840815,0.867676684918107,0.82498735907377,0.839278616947087,0.817419439021124,0.723192040271609,0.749410552273071,0.855948635238661,0.853378922555791,0.716789048166684,0.588989790349113,0.950785143786093,0.899721808082654,0.902834816448188,0.913018715144752,0.869203700008101,0.860341922672952,0.918190400628555,0.89254691163292,0.823382397513127,0.70647057370628,0.388975601112495,0.436634997594304,0.44353765846147,0.319916311798941,0.106189529085094,0.119574993307017,0.436826257572691,0.562701602205684,0.270084553659978,0.208369385273842,0.471071144339805,0.959562090709301,0.823894580743301,0.902285232069458,0.377288076361425,0.471071144339767,0.959562090709291,0.823894580742806,0.902285232069283,0.377288076361548,-0.0569844325123929,-0.0273976859557776,0.0501671430987461,-0.00537714401692086,0.0288891300561739,0.143556728942282,0.0639630710332205,0.00778772400589972,-0.0144592714079079
"tmin2",-0.0519620033693104,-0.270836094128617,0.315197756036285,-0.793888822756821,0.0803813405497707,0.233796032477654,0.257893060979403,0.334255489547089,0.391516566544412,0.405243005716501,0.424959712000867,0.397515385005895,0.241702355946485,0.392571351491055,0.366045561337618,0.941512970937683,1,0.960919130728998,0.96655739032453,0.95868420750404,0.929724513860748,0.895876337229196,0.906916090102537,0.880805095995122,0.837372511583503,0.851950029465735,0.858672117034672,0.851827886538159,0.803688569616266,0.722682013332335,0.738315583170885,0.822697760560047,0.842500634328252,0.722011530848741,0.5601351418587,0.917004576498967,0.944339216884119,0.918573389383719,0.908350251436747,0.880562345989777,0.858163977355584,0.882291790230078,0.890712570072001,0.818447307415859,0.685201831014341,0.431124615999965,0.432866915403321,0.443119184182116,0.286280306510701,0.078720240870769,0.0873871848824319,0.420526338770885,0.527093460128732,0.29952757542765,0.16670013936619,0.498197813896151,0.961701931387387,0.817411794683643,0.899130974620623,0.362008559108386,0.498197813896089,0.961701931387426,0.817411794683165,0.899130974620508,0.36200855910851,-0.0242101118160068,-0.0423017950545649,-0.0107478347476612,-0.0188787021470953,0.0129216362001329,0.076728972149862,0.0729534698549119,-0.0495684593912874,-0.0545717695500881
"tmin3",-0.0311720762723659,-0.210284166015168,0.281023048259437,-0.799662661127452,0.0366737404855052,0.296990773173442,0.220904621432653,0.284394619270191,0.340501649395511,0.402170734320965,0.408017578791531,0.41649195379707,0.226786264578734,0.331318614674692,0.304273529125505,0.94131235435421,0.960919130728998,1,0.939928785879926,0.971250992845849,0.951242131035412,0.904924954255766,0.915759686685042,0.918606108029606,0.867475637871126,0.855681339491045,0.86469181967544,0.893218194523361,0.83650620883801,0.744444270468968,0.765728638106789,0.851669436046901,0.873120105936732,0.768631310376945,0.609147342451407,0.919247980034442,0.932837035082489,0.960126679388683,0.918078339450016,0.899884483425239,0.884238273481893,0.904095868713312,0.913593272897516,0.863723542719286,0.72931805423878,0.438283790366232,0.485560941339605,0.474349650606591,0.370460282937797,0.0975535284160392,0.107306652607913,0.462322178355098,0.574529385793632,0.337890377332382,0.218638711233696,0.455681784225951,0.971398611436382,0.848161355223365,0.922172975707423,0.40926928190433,0.455681784225908,0.971398611436431,0.848161355222928,0.922172975707412,0.40926928190445,-0.0396247154712458,-0.0490644917038156,-0.012195828887646,-0.0452275978527178,0.023706418374651,0.0839102506288654,0.0846602457041297,-0.0585713056289384,-0.0447409340576124
"tmin4",-0.0657308641365302,-0.239095222465626,0.298160179658161,-0.79725844210386,0.0846090673772569,0.27274285140997,0.300444488962158,0.347193173780799,0.324447830340361,0.396831060503501,0.439222812597219,0.402502277061632,0.253916599232979,0.418596350607821,0.357423055018512,0.956861069044461,0.96655739032453,0.939928785879926,1,0.945678287420433,0.935341426287571,0.935641210477821,0.915010264830187,0.895676618868655,0.861640051546737,0.871835238551641,0.845899406051538,0.829220661972548,0.818916094657307,0.732799142530286,0.732514395346382,0.843159442188372,0.862259581776704,0.709667465869526,0.562700144379072,0.93569103922211,0.922991676876867,0.896021024384173,0.931824111612054,0.881227140999838,0.857174013097125,0.91143575717007,0.906417151918553,0.816334954267587,0.695836996264358,0.449266087558468,0.446433056747448,0.425608159986046,0.275111887448065,0.106509424279135,0.0701285960710535,0.410015999359691,0.554904796450344,0.26455373681319,0.149783147508701,0.503759297416209,0.968967291501123,0.820699064928015,0.904130308285997,0.359147631289762,0.503759297416166,0.968967291500993,0.820699064927586,0.904130308285847,0.359147631289885,-0.0293482021969031,-0.02618153044298,0.0048998171046889,-0.0118323716492544,0.0116265885552893,0.107041310138216,0.064348861907607,-0.0280959141704249,-0.035339496776763
"tmin5",-0.00172383370086683,-0.197001049119759,0.272704488150898,-0.789852799033738,0.0714929888882053,0.277266478503908,0.178195494466244,0.257373297012419,0.352386812874007,0.418305926277943,0.431757000218742,0.397747360874874,0.200280976725888,0.314203243409924,0.293915441910106,0.932214344888227,0.95868420750404,0.971250992845849,0.945678287420433,1,0.952618232330765,0.908062951224225,0.931479191931274,0.926654896015129,0.869098490534766,0.825290866332202,0.871872284544382,0.894059168929666,0.809892318331182,0.723979173028083,0.750453454331475,0.848093617526068,0.87103609057893,0.763213166416337,0.594341503512956,0.896576190210061,0.93656720303566,0.949013571651878,0.903629449699257,0.899616718009589,0.875659718517307,0.903156969320612,0.918459079823071,0.863400224818098,0.719923418026624,0.393056074648049,0.500598273116039,0.512637387991264,0.319571412923953,0.0388766664876855,0.0790655038495296,0.452060257408538,0.552162374248834,0.321022092459424,0.193675993009561,0.441736316652869,0.973797252173187,0.836505846939911,0.915912076431749,0.383638382048019,0.441736316652803,0.973797252173193,0.836505846939433,0.91591207643177,0.383638382048131,-0.0433743036089059,-0.0494704243554002,0.0101214358641008,-0.0102514498365867,0.0582315419168303,0.0587337982804146,0.120928120467654,-0.0667729801901503,-0.0443180451256934
"tmin6",-0.0365961714846509,-0.043841189151237,0.170875089264893,-0.780418862709543,0.0421071411536809,0.395560911123613,0.33819756565243,0.237893384533553,0.185001801105035,0.263492267482686,0.329481760360659,0.440760088643536,0.342863986748577,0.314157996074381,0.1632671351786,0.919621245415964,0.929724513860748,0.951242131035412,0.935341426287571,0.952618232330765,1,0.95850534710145,0.951546272247666,0.954154568371653,0.946530976116253,0.874776262516768,0.836527916651182,0.873505183014628,0.895051818539888,0.82895921048022,0.820784492051188,0.891540466167361,0.912831358601352,0.826961197034682,0.700536907512086,0.922256586912281,0.902494273563645,0.928135104029611,0.953200154073304,0.945162391030582,0.939072828950608,0.951040420300362,0.952837614282716,0.915709401726512,0.819989960246926,0.500109646924315,0.469634196448427,0.497895572172537,0.473566234147078,0.23879418720009,0.140204792693322,0.470513035990917,0.607536249473457,0.397606392751934,0.295648913218722,0.395874447463946,0.983541326293442,0.890353681205199,0.953316286334189,0.475593770062631,0.395874447463915,0.983541326293312,0.890353681204787,0.953316286334134,0.475593770062725,-0.0328127913177063,-0.0262033979267959,0.0252233327714445,-0.0296610051518304,0.0701651325134593,0.0639505341768718,0.107698269161797,-0.0762800451129666,0.00529494943116935
"tmin7",-0.0709948867549966,-0.000509526687333487,0.129750807395212,-0.760590702260233,0.0632592385251129,0.358603703222664,0.365114576522698,0.269020605977041,0.11463931186767,0.20960766038158,0.27632900609702,0.38403288569663,0.352476025123309,0.332446602426867,0.152242274213531,0.932665519747941,0.895876337229196,0.904924954255766,0.935641210477821,0.908062951224225,0.95850534710145,1,0.946856815921727,0.950703275221711,0.920528126637359,0.865489179543899,0.778470693152457,0.785753317859929,0.844803243827961,0.817107515037938,0.797766936798637,0.85817066436616,0.865659729902922,0.762946368993431,0.661709180806989,0.921816000427999,0.851920610378841,0.854826432924615,0.92154991663585,0.917997012783191,0.906749546418767,0.947307312785628,0.921104324839028,0.872772633170768,0.784250126873603,0.466999105337605,0.403988403912537,0.385114684353191,0.389061685037669,0.266620337715017,0.153523657172523,0.360102604102346,0.523980690542483,0.29660071834101,0.256367591636224,0.371416214816086,0.96762531272619,0.845200774329087,0.918798295259524,0.408326701111692,0.371416214816045,0.967625312726122,0.845200774328662,0.918798295259361,0.408326701111784,-0.0574238659516612,0.00613253838416267,0.0556954506215866,0.000138022073857347,0.0492906530490039,0.13208454167168,0.0693709154960816,-0.0105290599060105,0.025049265360246
"tmin8",0.00356780122377458,0.0749228265807325,0.0834614007517049,-0.758766358546941,0.0642140951776684,0.235258643133945,0.317172994580714,0.21544838067295,0.127237154208346,0.149136734343077,0.182918044165674,0.315380144852304,0.348236690747745,0.285924809405455,0.0695002961056665,0.894063209995993,0.906916090102537,0.915759686685042,0.915010264830187,0.931479191931274,0.951546272247666,0.946856815921727,1,0.970969505275887,0.948059260293917,0.880296462417456,0.842941758445492,0.80943570190145,0.819138018890687,0.844399445599217,0.862077514836099,0.896172131075301,0.889694973895447,0.809221598751707,0.717133180805954,0.915218969021413,0.897643162662777,0.873936879711151,0.896779711494041,0.945607631868991,0.942347528290522,0.94913323744038,0.957246883812472,0.910864975113409,0.83174891300281,0.541493233308867,0.505489308321821,0.417674333539603,0.368694103291012,0.282507376939579,0.273917409655254,0.492901297158526,0.507040844409934,0.351890714887717,0.320733867530861,0.29221497256848,0.969866374548432,0.880354865835193,0.941539737899075,0.47359358761124,0.292214972568448,0.969866374548558,0.880354865834735,0.94153973789898,0.473593587611333,-0.0559447609863423,-0.0325198376260879,0.0234720752643307,0.0265836172763705,0.0876795999419695,0.0774350921487636,0.118351138305488,-0.0406940871051095,0.0421200509265138
"tmin9",0.0105895200355269,0.0851468561025729,0.0628778881049455,-0.764901605080911,0.049875477570663,0.316251835702411,0.306170474537645,0.210363728698445,0.0824149425795174,0.146678241295522,0.169970851195424,0.347521427509722,0.356336031027699,0.268104373102788,0.0665277061022208,0.901781344610674,0.880805095995122,0.918606108029606,0.895676618868655,0.926654896015129,0.954154568371653,0.950703275221711,0.970969505275887,1,0.956537255315286,0.880193052123289,0.828167469063555,0.829965257849063,0.829075187581404,0.829570885551183,0.859670395210598,0.904080798077432,0.899916978100405,0.816340457878199,0.714941456314517,0.918318783430918,0.877893561907279,0.88785375546435,0.895059516117798,0.934091630358003,0.942060357541885,0.955652131975362,0.952298889271102,0.927010697068303,0.833380885366517,0.531893606126985,0.507635795252055,0.454242186397677,0.406544444175011,0.265899207098727,0.266400141427194,0.50265986293177,0.560379821752489,0.334550722624768,0.309910609948237,0.288218948096018,0.967354606303951,0.882597451240364,0.941909605521616,0.481129870036009,0.288218948095994,0.967354606304107,0.882597451239924,0.941909605521593,0.481129870036096,-0.0489153278068709,-0.032231362085138,0.0250574960312703,-0.00466899641396345,0.0544705275448545,0.113244442253102,0.101540975873734,-0.0243330998248833,0.052205332665998
"tmin10",0.0091220311852322,0.192285677996847,0.00844888845324198,-0.735456282195637,0.016397630041832,0.333001547723362,0.375399263305129,0.13476616654715,-0.032290625132076,0.0133448139283853,0.0660045408900572,0.331719846784214,0.431690093107313,0.220956529489534,-0.0671101495264434,0.842276294840815,0.837372511583503,0.867475637871126,0.861640051546737,0.869098490534766,0.946530976116253,0.920528126637359,0.948059260293917,0.956537255315286,1,0.910349234402013,0.835974636093756,0.831425306640976,0.895325894270359,0.911834102388031,0.912392697604008,0.938180473568133,0.934112420728334,0.892877435955331,0.828188559807305,0.912718743791797,0.865827669690733,0.868066794062038,0.922861975091765,0.960766587976152,0.970389742439423,0.964502383443811,0.964948953191176,0.95945664824549,0.925741031867733,0.660310725511625,0.568162298807721,0.522267660765841,0.554855572835171,0.443185009152046,0.367560231043024,0.60081994111731,0.651801220929345,0.5027802859249,0.452497402222798,0.202820026418022,0.935103982960006,0.935838493060479,0.961838849888987,0.625261804005392,0.202820026418006,0.93510398296,0.935838493060162,0.961838849888989,0.62526180400546,-0.0358298473771568,-0.034640262984381,0.00675411805544372,-0.0109070068744035,0.068272650317974,0.0746161320058503,0.103524458833418,-0.0526898299532926,0.0769994301294603
"tmax1",-0.0293942435344556,0.053895364685601,0.100237939593811,-0.757141863692252,0.0513948073298597,0.216138560976809,0.406496129324639,0.325140968950312,0.155190694207956,0.140886170255108,0.128356082390359,0.330509459754518,0.430492883317839,0.360812039530668,0.111326772523933,0.867676684918107,0.851950029465735,0.855681339491045,0.871835238551641,0.825290866332202,0.874776262516768,0.865489179543899,0.880296462417456,0.880193052123289,0.910349234402013,1,0.901078978951843,0.823800805966712,0.877442857583129,0.897662618255547,0.923325978648461,0.947060957355202,0.92862357518234,0.850900014143873,0.784348511530795,0.979009971364295,0.913347691556667,0.858552388863423,0.915774439919541,0.932462656355287,0.945023148238409,0.947376835274635,0.934803949232519,0.901895679529268,0.863264953705625,0.795484118312736,0.666965418543228,0.52237143094894,0.513716784335317,0.466895797947055,0.478532987847366,0.682972274419139,0.720897361574518,0.510435356266502,0.460314217161328,0.34730908682321,0.897874507537494,0.939644590327188,0.949044239993661,0.679934715054655,0.347309086823193,0.897874507537916,0.939644590327079,0.949044239993629,0.679934715054737,0.00169696281490854,-0.0589093354967927,-0.0199144805251215,-0.0669773457005954,-0.00120379277301695,0.0586080786364144,0.0622334037573796,-0.0783056316424837,0.0514581384077994
"tmax2",0.0860131879708867,-0.0395815976943926,0.167829332281508,-0.759718607084232,0.0447470847603328,0.0491526492082085,0.053070347283697,0.129903004266122,0.301569521042126,0.3318147692392,0.255495427642743,0.198781585302987,0.150084823374959,0.162069371085653,0.128089513631419,0.82498735907377,0.858672117034672,0.86469181967544,0.845899406051538,0.871872284544382,0.836527916651182,0.778470693152457,0.842941758445492,0.828167469063555,0.835974636093756,0.901078978951843,1,0.934428192249289,0.84674572077391,0.807308838539747,0.8608235466177,0.900114906717016,0.937440881175008,0.874508424634124,0.757399835808551,0.89985267630809,0.979484906613514,0.930984837878389,0.885626189647934,0.895822696547822,0.890386773758057,0.882246796725911,0.925690055829044,0.896574570665765,0.817791418923101,0.664205985506371,0.833710710266879,0.727489358952405,0.490737821847593,0.288973433101226,0.419249756649964,0.702030269070101,0.781345401481819,0.600846115521136,0.481789688754744,0.25260142056357,0.868653941010396,0.928852506182094,0.930445698975646,0.696147462518069,0.25260142056352,0.86865394101079,0.928852506182046,0.930445698975727,0.696147462518183,-0.00235872994221578,-0.062653049753195,-0.0861287820926543,-0.0260617046773295,-0.0149501825508748,0.0476584971480978,0.0782626933653946,-0.0701581917350373,0.00329719138906343
"tmax3",0.0235626505963394,-0.0832365582951651,0.212664306242616,-0.756064078177573,0.000366472045901677,0.277913280297006,0.00168336873268629,0.0295525314272002,0.274395412696104,0.39392515674211,0.372561572337939,0.287850074683748,0.0694611869922637,0.0808681807572522,0.149777840300284,0.839278616947087,0.851827886538159,0.893218194523361,0.829220661972548,0.894059168929666,0.873505183014628,0.785753317859929,0.80943570190145,0.829965257849063,0.831425306640976,0.823800805966712,0.934428192249289,1,0.903657841568333,0.762482735131953,0.797976369094913,0.873460122197456,0.923272921120857,0.89513291958145,0.751127317115423,0.857545783794642,0.93470545179785,0.983301738989313,0.91470939022707,0.877237644093929,0.869033446294755,0.868614105910104,0.903527353492149,0.910680302558402,0.811889814601874,0.503578654187225,0.725753466702681,0.819517696980313,0.604368311096486,0.201635075399859,0.262895531537309,0.644856953529576,0.793887073181791,0.632704361201032,0.47574555467609,0.261814699091733,0.874762121652929,0.913643082171896,0.923488332498033,0.658917755062052,0.261814699091674,0.874762121653041,0.91364308217175,0.923488332498183,0.65891775506216,-0.0159576890628273,-0.0580017977374708,-0.0480235313297619,-0.0285437207273745,0.0206505796114119,0.0554125687083615,0.0874779999257179,-0.0663125045702351,-0.0115996889259576
"tmax4",-0.0609545085292995,0.103824343565302,0.0839878409178777,-0.723021746491852,-0.0214818010484592,0.444556997876141,0.285772718489415,0.0463357962725653,0.0276903300838891,0.15145505951463,0.231806280965654,0.352304499749262,0.293692420911932,0.119120953976327,-0.0209855155725298,0.817419439021124,0.803688569616266,0.83650620883801,0.818916094657307,0.809892318331182,0.895051818539888,0.844803243827961,0.819138018890687,0.829075187581404,0.895325894270359,0.877442857583129,0.84674572077391,0.903657841568333,1,0.909537017312179,0.873494411414522,0.903283357482604,0.94160702528046,0.93401342617483,0.868699229132204,0.882018045655887,0.859497246364004,0.900444574526695,0.97136474762305,0.933183963879038,0.924065801954542,0.911541624497906,0.918962022038613,0.935573328213352,0.91466730976487,0.629629929834935,0.623398627023079,0.703165912552197,0.777060771566132,0.499646681240183,0.366157817166739,0.628228239062924,0.817122764909685,0.697030450424115,0.607529270338808,0.21938595482566,0.866369233367117,0.955070700911945,0.945795709080491,0.749850068413763,0.219385954825589,0.866369233367174,0.955070700911998,0.945795709080517,0.749850068413834,-0.0175985209583686,-0.032595318056237,-0.0198097959778456,-0.083345884299561,0.0288038124456622,0.0484311167351498,0.0608409005383795,-0.105019834471189,0.0417209943524
