"","SICA","year","DefectosTotales","ASNM","Luminosidad","prec1","prec2","prec3","prec4","prec5","prec6","prec7","prec8","prec9","prec10","tmin1","tmin2","tmin3","tmin4","tmin5","tmin6","tmin7","tmin8","tmin9","tmin10","tmax1","tmax2","tmax3","tmax4","tmax5","tmax6","tmax7","tmax8","tmax9","tmax10","tmean1","tmean2","tmean3","tmean4","tmean5","tmean6","tmean7","tmean8","tmean9","tmean10","dtr1","dtr2","dtr3","dtr4","dtr5","dtr6","dtr7","dtr8","dtr9","dtr10","PrecTotal","TminTotal","TmaxTotal","TmeanTotal","DtrTotal","PrecTotalAvg","TminTotalAvg","TmaxTotalAvg","TmeanTotalAvg","DtrTotalAvg","OrientationNum","Slope","pH_avg","org_avg","Arcilloso","Cascajoso","PuntajeTotal"
"SICA",1,0.437239144599649,-0.262463668809123,0.184375910137055,-0.0806825115749114,-0.175908530041702,-0.196712948296789,-0.217194412940129,-0.329205586543325,-0.204214811796226,-0.258797995072162,-0.352361839993658,-0.102544192837816,-0.138913064331653,-0.388228720866282,-0.139372072504653,-0.186779107722889,-0.150983009696909,-0.180119057066078,-0.127948292067935,-0.0845852354242987,-0.0830597849994663,-0.0453317273297929,-0.0234225705887711,0.00512796125578586,-0.0645670312965134,-0.00339940234588565,-0.0592822779670749,-0.0778480430902561,0.0123697759396815,0.0796481037856932,0.07631569451877,0.00234338976951774,0.0230968996671841,0.104891824439872,-0.0972104275072557,-0.0740209683676645,-0.0969128364353555,-0.121648374556306,-0.0445542394473219,0.0140400633507325,0.014080883905533,-0.0160656176890179,0.00641644804489747,0.073438824539419,0.0422462600408983,0.181629467219371,0.0650047903643505,0.0592454547610155,0.133778501749156,0.244754582885658,0.24156667145856,0.0563155309893184,0.0597750500050372,0.164850444922921,-0.35330925888883,-0.107389775456894,0.010379360927725,-0.0355488571222787,0.147012547235507,-0.35330925888883,-0.107389775458144,0.0103793609271823,-0.0355488571231249,0.147012547235528,-0.200998632119432,0.113604687884502,-0.171752630673394,0.0586204792826758,-0.0369135720475128,0.100522314321512,-0.0421608436783819
"year",0.437239144599649,1,-0.713096092745678,0.160843617366425,-0.153115066725795,-0.108032092940865,-0.0125629582079335,-0.542287594977797,-0.819346221503971,-0.774922533965837,-0.802348878500021,-0.549452216640596,0.174674080858652,-0.450518225008591,-0.921817272161741,-0.160944870593589,-0.232871356103604,-0.202460625418881,-0.204603955513783,-0.18204765977811,0.0203345788948174,0.0689924206750001,0.136163379646864,0.16347711835145,0.27039318797471,0.0985736391741979,0.00212242382207658,-0.0921144590788484,0.104530013641321,0.375437591904384,0.389683146740779,0.224514346411482,0.142274465220769,0.290325606056742,0.517910242634894,-0.00240939342888706,-0.0881377708888247,-0.13795283285732,-0.0146550640864412,0.172287078893436,0.250311955612353,0.168603773671253,0.143534638694909,0.254112354972401,0.448658942897441,0.352503263870566,0.237282215553833,0.0632925308927466,0.400347352035006,0.708499050714685,0.6733125708345,0.333728999910016,0.112412162003843,0.322245801982689,0.610841049337797,-0.774251947509678,-0.0396242799224116,0.220209361141813,0.123906482248249,0.467928885294785,-0.774251947509678,-0.0396242799241307,0.220209361141928,0.123906482247216,0.467928885294718,-0.0989443068571899,0.110696228871197,-0.153987324537049,0.020867227515917,0.110262479364413,0.148711879265944,0.212793361692339
"DefectosTotales",-0.262463668809123,-0.713096092745678,1,-0.250758281175993,0.0791337731007575,0.106279181588213,0.0372471671433532,0.408880314538133,0.59613720665331,0.573257034226137,0.633630967440617,0.490561938654397,-0.0744141802725863,0.366112543773403,0.671721721912504,0.200440905427653,0.256158467492938,0.242242306424658,0.253764688063242,0.237538038721777,0.0953706347578162,0.0608641714273631,0.0227061067250125,-0.0130931799944516,-0.068007195529894,0.0661893005521901,0.133023175649593,0.208409118381537,0.0696030269535687,-0.141707347746053,-0.146892194731222,-0.0249823947831893,0.0263862613500333,-0.0672050504011923,-0.2472007024831,0.12288457399066,0.185256767706388,0.227288540333802,0.145731777817802,0.00450916864361655,-0.0512546189115363,0.00905786675362557,0.0256333758085013,-0.0494471448284706,-0.192710032018683,-0.107541047666329,-0.0305193242318082,0.110045444929285,-0.152638332565416,-0.420303806956346,-0.378199054072474,-0.119586437695455,0.0237634273946821,-0.0977875098221182,-0.342157808080964,0.602470231689299,0.137710436912828,-0.0158152490756906,0.0439992610708428,-0.19331027411731,0.602470231689299,0.13771043691392,-0.0158152490757908,0.0439992610725378,-0.1933102741173,0.034762375916995,-0.106681121320929,0.0689708302090799,0.0818826433061597,-0.13325478895098,-0.0689118683862918,-0.161423693794383
"ASNM",0.184375910137055,0.160843617366425,-0.250758281175993,1,-0.0109141674304083,-0.157972542996905,-0.174865814892915,-0.19166999883404,-0.167503949783575,-0.219065153120695,-0.221880365784079,-0.243720355736502,-0.140488129921408,-0.246191999196243,-0.205329637706645,-0.738738121221486,-0.774538447302884,-0.778770085496903,-0.787322127890716,-0.787717148125615,-0.754287046356467,-0.748067670308282,-0.745826840118189,-0.729520094746399,-0.701605310621879,-0.736081610894537,-0.754158361580664,-0.742483630691639,-0.731860661726545,-0.64899721409525,-0.650808943526984,-0.703388019137881,-0.739731397723442,-0.663935639844361,-0.547852718181117,-0.765142273086312,-0.78975519946056,-0.776630234843976,-0.782420707043127,-0.751901161707057,-0.719367308839528,-0.744115156235803,-0.760953455016947,-0.715853879279598,-0.620515513883698,-0.466970382621893,-0.50701336284029,-0.490906054676684,-0.416890067922146,-0.226423012937803,-0.254870128851081,-0.405679886919709,-0.541113335288923,-0.4036142957835,-0.301720760857946,-0.284728463282606,-0.783727437357919,-0.727486947257712,-0.768086029953066,-0.462769471754774,-0.284728463282605,-0.783727437359106,-0.72748694725772,-0.76808602995267,-0.462769471754743,-0.127841126696273,0.0745973301410944,0.154126230032922,0.0978277255921808,-0.205944638454043,0.0165592940115897,0.0273643840971615
"Luminosidad",-0.0806825115749114,-0.153115066725795,0.0791337731007575,-0.0109141674304083,1,0.136505724315884,0.215136245999319,0.325676123633109,0.201693137016484,0.138302489490073,0.122090115926281,0.207270907585213,0.167517854456208,0.29115438742184,0.209273939773585,0.126808242276977,0.128320574638974,0.103649147469924,0.117194645004317,0.0943894503692336,0.0867139637801721,0.0914109487679399,0.084113949221702,0.0804966338948022,0.0361657246094915,0.099194214309871,0.0576947479783089,0.0148614740860032,0.0138229196828861,0.0148604290132344,0.0459097065410952,0.0323236268447792,0.0261768081558956,-0.031062478264936,-0.0575594417158347,0.114109869241779,0.0869692111265374,0.0501574117279545,0.0555733834696792,0.0486660021569571,0.0647614703889721,0.05734374189964,0.0492883751886983,0.0099311392540637,-0.0266131127805863,0.0325165856261959,-0.0305153886440167,-0.0935034116685116,-0.102114668109171,-0.0639585795426724,-0.0224699338008879,-0.0499661937710236,-0.0469320203085912,-0.126307215530617,-0.122768398656009,0.295623371618174,0.0990209373466986,0.0213890037342344,0.052383769029906,-0.0763660580976862,0.295623371618174,0.099020937346982,0.0213890037346039,0.0523837690298487,-0.0763660580976973,-0.00525533914929694,-0.110651583075431,0.290833507717094,0.0993956631677831,-0.00304273536281242,0.0181104913404567,0.00738434276277682
"prec1",-0.175908530041702,-0.108032092940865,0.106279181588213,-0.157972542996905,0.136505724315884,1,0.642100794407838,0.412496437445014,-0.102999148617529,0.00189715829566443,0.258043448718743,0.602513863167221,0.42357653078551,0.476251806495409,0.177462498452075,0.261350897391433,0.198732651176303,0.212044472399216,0.247664511326094,0.210415792452767,0.28567081926551,0.280040151656611,0.189699114476305,0.244458380027452,0.24058180822287,0.196432530162881,-0.0146523643775736,0.116874283973337,0.303013302269476,0.191162774068511,0.160454712844588,0.224366019941708,0.165705580624981,0.0957348592876887,0.0951736895948672,0.230100058929439,0.0668395562252992,0.15741084826008,0.292724773784647,0.212573388796582,0.219065004525111,0.254169262450442,0.179225301597119,0.155977398409579,0.149473869687881,0.0529717953081692,-0.224363106170606,-0.0276952020307124,0.256783015930877,0.0862599413922618,-0.0575321377282032,0.0795746387603305,0.095308436228891,-0.0723163045921864,-0.0459624066053064,0.476424372450437,0.246566432452534,0.160185734989614,0.19814922922262,0.0142716041165141,0.476424372450437,0.246566432452951,0.160185734990431,0.198149229223035,0.0142716041164908,0.137177196297982,-0.0580297990748504,0.29887275197403,-0.118415819706231,-0.0142093651982777,-0.12453397198341,-0.0210311363330024
"prec2",-0.196712948296789,-0.0125629582079335,0.0372471671433532,-0.174865814892915,0.215136245999319,0.642100794407838,1,0.682717846838749,-0.128587427561015,-0.284110521003239,-0.067519215927144,0.557449028621635,0.752038572296867,0.757075657624407,0.154346619568677,0.249532267647152,0.240567939675929,0.175685199544535,0.291102249485426,0.155842687267609,0.291512472236172,0.332014426266136,0.294430201049973,0.294843233916982,0.357171251757888,0.393906953165063,0.0142541165277117,-0.0684609140295325,0.210978791608591,0.331944427425765,0.301657796890268,0.303755410928055,0.185815105877557,0.0621537649888317,0.120163632507664,0.350620965342414,0.101780336419239,0.0256671941162425,0.251124080710227,0.282816935490808,0.309127833749736,0.324981639820103,0.232628904403383,0.152834486409589,0.207478089358693,0.412574341572883,-0.217118755891629,-0.335666187616473,0.0512409332984115,0.339534644377405,0.188288131718571,0.164407912989593,0.0133324171026826,-0.174528634942883,-0.10230523034669,0.525154502092272,0.276538304091294,0.19284262976264,0.230585231827347,0.0412145344143544,0.525154502092271,0.276538304091802,0.192842629763168,0.230585231826851,0.041214534414252,0.15313490724328,-0.100434601346764,0.277358382521562,-0.157765625647329,-8.14603991678266e-05,-0.204318004476852,0.0480701249126967
"prec3",-0.217194412940129,-0.542287594977797,0.408880314538133,-0.19166999883404,0.325676123633109,0.412496437445014,0.682717846838749,1,0.466709071689989,0.329557705833123,0.403057343196361,0.612590482019967,0.345377367760281,0.938489865257906,0.721133813157317,0.345148265335377,0.31085543373389,0.261825611056477,0.330654588801743,0.234407445101922,0.197653522425528,0.218671473562111,0.163356399466769,0.149284748056557,0.0871914618649277,0.26279022186525,0.0529957787658547,-0.00839554715705217,0.0191400507871945,-0.0135640209366641,0.0299481914906039,0.140137717788727,0.058278013816887,-0.16302379649807,-0.243724247998554,0.306018856571341,0.154075266914927,0.0975899169085416,0.144081435816123,0.0876177659829629,0.101264496030016,0.176513643234241,0.100469977680007,-0.0513644589804461,-0.135842563936419,0.0758771298749764,-0.221676347333065,-0.323104390436816,-0.322386037327664,-0.2319148190516,-0.184988444886942,-0.00293898358644117,-0.077115261105559,-0.40687784832692,-0.465182994429636,0.882538820506364,0.240729800709181,0.00880390754119515,0.099996846221314,-0.268235648783699,0.882538820506364,0.240729800710046,0.00880390754131118,0.0999968462214253,-0.268235648783724,0.10408700008022,-0.144662432153484,0.344188857860408,-0.0623846221284092,-0.0845771110852263,-0.141063794671791,-0.0643876963743537
"prec4",-0.329205586543325,-0.819346221503971,0.59613720665331,-0.167503949783575,0.201693137016484,-0.102999148617529,-0.128587427561015,0.466709071689989,1,0.848769733414014,0.752147685375405,0.476394641260653,-0.140259617644294,0.29490027442464,0.815473507794058,0.185621472751165,0.279251781925042,0.259251948052256,0.20822146625408,0.248958943476665,0.06907701323391,-0.0222748490513809,-0.0311045376603198,-0.069926348361032,-0.189449089404246,0.0149457421276704,0.181314633403792,0.230110745008322,-0.0395835232562172,-0.253257807641212,-0.214312074870412,-0.112636554169528,-0.00850861581211755,-0.0965521681592284,-0.33023400285728,0.0843918585101215,0.225639056840676,0.247727189640088,0.0576749168592371,-0.0642562592933084,-0.104088852724793,-0.0795791398404872,-0.0174789164477285,-0.0904030975297039,-0.292060100636749,-0.180898428495649,0.0285404148799441,0.131143821128596,-0.292138811442735,-0.59217355799461,-0.467194085359684,-0.182270366366692,0.01956365476532,-0.0925859249052228,-0.375367401064259,0.703291566742785,0.102618829577184,-0.0691604772872426,-0.00354580582326617,-0.253743407173725,0.703291566742785,0.102618829578159,-0.069160477287254,-0.00354580582207665,-0.253743407173642,0.104703159197253,-0.157542972963499,0.13695812635241,0.0517056735132637,-0.20307559599625,-0.13626725429912,-0.16769430359023
"prec5",-0.204214811796226,-0.774922533965837,0.573257034226137,-0.219065153120695,0.138302489490073,0.00189715829566443,-0.284110521003239,0.329557705833123,0.848769733414014,1,0.91588432223648,0.336711620740293,-0.443568023908876,0.225738361296402,0.786723307894982,0.317512179171649,0.310774967089529,0.3428860251455,0.297823667682992,0.330351969307435,0.152466982866514,0.0824239680588154,0.0128611081532706,-0.0109986819207734,-0.159549674826085,0.00167465068942224,0.225480513716906,0.337350601902195,0.0912224997730409,-0.244547348927915,-0.22785622255548,-0.0463961974271262,0.0795227514741328,-0.0560525036296281,-0.283277499786874,0.129197592105946,0.266570550991514,0.348560744971758,0.177137996485889,-0.0249939525558336,-0.0776101528793281,0.00439805099446366,0.0557264483828966,-0.0412711403355028,-0.249491846845719,-0.351342857053312,0.0721162190813302,0.23589558470506,-0.162682426291993,-0.653268236293973,-0.59212367808859,-0.185268128755847,0.135236050580338,-0.081486476700862,-0.324447697857839,0.621931878162651,0.180334292601392,-0.0159526229186716,0.0606306761158142,-0.244047234248212,0.621931878162651,0.180334292601583,-0.0159526229184271,0.0606306761168126,-0.244047234248114,-0.0130781630473466,-0.048008025057153,0.07718802133611,-0.0176766641433095,-0.110578888099007,-0.0896568031459962,-0.147455016261484
"prec6",-0.258797995072162,-0.802348878500021,0.633630967440617,-0.221880365784079,0.122090115926281,0.258043448718743,-0.067519215927144,0.403057343196361,0.752147685375405,0.91588432223648,1,0.544153436323359,-0.268388688920131,0.343874293815046,0.796759906683238,0.286166504010035,0.294524725259615,0.314012887731979,0.307311657274742,0.307876177714025,0.160335778956833,0.10988128243637,0.0123394374207098,-0.0204181903563496,-0.153533494108633,-0.0249473640883393,0.129398152763082,0.265740443133396,0.114289785987015,-0.216203003886063,-0.245721881402589,-0.0771240091081883,0.0403518620064369,-0.109237917026031,-0.324972922686057,0.0996570171011418,0.197640950295345,0.291830575787258,0.195688019436667,-0.0155834177293381,-0.0854045253838844,-0.00370103996652028,0.0305290560547407,-0.080046155269058,-0.275856303064883,-0.363068452482505,-0.0751896541349423,0.134295998287663,-0.13306715558926,-0.591871527321013,-0.633618086917853,-0.275331984904097,0.0619667983561782,-0.159757591431824,-0.396652873208767,0.730912646583375,0.174062528106542,-0.050408970720542,0.0363510877316044,-0.302495613642988,0.730912646583375,0.174062528107167,-0.0504089707200174,0.0363510877328756,-0.302495613642927,0.0257074438806399,-0.026295953251933,0.118139483964717,-0.0676793976704994,-0.10513080180642,-0.174964225056592,-0.180840204484346
"prec7",-0.352361839993658,-0.549452216640596,0.490561938654397,-0.243720355736502,0.207270907585213,0.602513863167221,0.557449028621635,0.612590482019967,0.476394641260653,0.336711620740293,0.544153436323359,1,0.579366512438195,0.548988944641345,0.533737875429992,0.189139060831248,0.282839169742934,0.269458614082415,0.279234073213879,0.269456202027097,0.25040973341264,0.210461162053848,0.153870511052835,0.159659185263426,0.129235480349951,0.192149277522722,0.0810396070702041,0.148470464552784,0.180192104433811,0.0916737792576326,0.0411857392198977,0.0685850893111792,0.112615138568547,0.0328849591537559,-0.109903403926994,0.198240703042677,0.161600354627588,0.200000943255851,0.226683268477414,0.171366155390836,0.130306191676339,0.128371581835925,0.131468268514168,0.0822499128038449,-0.0296840604438941,0.126032046310833,-0.145810420947418,-0.0352871694285716,0.0108603331739995,-0.111267640463414,-0.228554683378916,-0.125872010156314,0.0362103329209128,-0.0957718164507782,-0.28429120562634,0.802522105927697,0.229689899972927,0.0859057014877948,0.144491635079403,-0.107755620951913,0.802522105927697,0.229689899974342,0.08590570148854,0.14449163508043,-0.107755620951979,0.247815401223514,-0.114026255025371,0.275579400293597,-0.0846626703650377,-0.109790063368018,-0.253733808304964,-0.113453978727256
"prec8",-0.102544192837816,0.174674080858652,-0.0744141802725863,-0.140488129921408,0.167517854456208,0.42357653078551,0.752038572296867,0.345377367760281,-0.140259617644294,-0.443568023908876,-0.268388688920131,0.579366512438195,1,0.35172806377336,-0.172207233756402,0.0422621099877728,0.157687042701313,0.102789330340838,0.158483162599233,0.118333789798897,0.260620877743965,0.274602002063062,0.28919938302512,0.300196791743897,0.381791013990764,0.365384409308006,0.0867934601289932,-0.0186988894330597,0.196207751221144,0.436473125701151,0.387285339668322,0.252021703550957,0.187730635467813,0.212599176148932,0.249856473513635,0.248878588900528,0.117242020038411,0.0285512660285579,0.188794167916463,0.33621216979756,0.349338974177872,0.26928138884692,0.23182488937765,0.254451788729752,0.304699309539915,0.593811722259151,-0.0104322605443892,-0.155987262469865,0.168298796671031,0.524861450003391,0.378928225449247,0.137448473210383,0.0229329983519396,0.0668300594909239,0.0863729823095296,0.258307112265491,0.212971731957928,0.247971252493892,0.240562841124218,0.221886268204784,0.258307112265491,0.21297173195912,0.247971252494494,0.24056284112451,0.221886268204659,0.230302666650538,-0.131155409379416,0.138029003901237,-0.0761063911644399,-0.025238238543182,-0.223575225926807,0.00835565249902608
"prec9",-0.138913064331653,-0.450518225008591,0.366112543773403,-0.246191999196243,0.29115438742184,0.476251806495409,0.757075657624407,0.938489865257906,0.29490027442464,0.225738361296402,0.343874293815046,0.548988944641345,0.35172806377336,1,0.645080558229698,0.379369815904106,0.341725033133616,0.28519416975314,0.386563717593361,0.26182644681347,0.257560465963191,0.278705035291896,0.233419901019168,0.218149992314911,0.182827486774719,0.319945504186402,0.0771212972416936,0.0175457757320092,0.0882144955990475,0.0452013711948333,0.0923971986094591,0.23239959625641,0.115188386875367,-0.128563834161339,-0.184004369760528,0.356092270301504,0.181681498960398,0.123214742800267,0.210592004241982,0.13761573928947,0.165075138376826,0.258658408564811,0.163926747268547,-0.00246605977217258,-0.0614758956083764,0.137956102765471,-0.211569981533266,-0.301446385050081,-0.263261023294064,-0.171651368877249,-0.145475822932568,0.0960920127021967,-0.0500063380171411,-0.414982328958941,-0.448169875485432,0.824862179457744,0.294613288154128,0.0654943418552879,0.157031046996917,-0.223659952960986,0.824862179457744,0.294613288154961,0.0654943418552946,0.157031046996842,-0.223659952961023,0.0664932530186633,-0.0953131511091782,0.28972631864299,-0.115917305458706,-0.0242345554407932,-0.163923634783149,-0.0504746210609689
"prec10",-0.388228720866282,-0.921817272161741,0.671721721912504,-0.205329637706645,0.209273939773585,0.177462498452075,0.154346619568677,0.721133813157317,0.815473507794058,0.786723307894982,0.796759906683238,0.533737875429992,-0.172207233756402,0.645080558229698,1,0.313162363034198,0.308100133698819,0.275172941860612,0.300769430307777,0.247053051645368,0.0805300211568388,0.0497226136822975,-0.0197176613444884,-0.0365393438755214,-0.166515138630005,0.0300789378385281,0.0490641553245149,0.122874290588937,-0.0547095542808513,-0.318647709586592,-0.277268346787409,-0.0830320985433085,-0.0504715612869278,-0.262645345701789,-0.463773197013225,0.145463674420449,0.150451137588773,0.186025843774702,0.0848893497661417,-0.108108559319488,-0.138363462116437,-0.0318176513162792,-0.0398447349412176,-0.187703148964386,-0.37521126634741,-0.296661751254142,-0.225606437439427,-0.090417399286764,-0.417726201707248,-0.685133534345139,-0.593765871318585,-0.213930254102554,-0.0726037869312076,-0.395876065027518,-0.609659313730991,0.875136404384664,0.145824684138399,-0.143016800934344,-0.0333689063466049,-0.44610889344204,0.875136404384664,0.145824684139801,-0.143016800934284,-0.0333689063458984,-0.446108893441986,0.055254272423082,-0.089224750995281,0.24599866491165,-0.0311332852958365,-0.0845127811475847,-0.104647547398192,-0.14409096597513
"tmin1",-0.139372072504653,-0.160944870593589,0.200440905427653,-0.738738121221486,0.126808242276977,0.261350897391433,0.249532267647152,0.345148265335377,0.185621472751165,0.317512179171649,0.286166504010035,0.189139060831248,0.0422621099877728,0.379369815904106,0.313162363034198,1,0.941342851503921,0.946134370845402,0.958274590859723,0.932202627573095,0.914253673853778,0.917753436178095,0.880289313584728,0.878433665763369,0.804865331774673,0.848671879482745,0.804044779462344,0.812777460132021,0.815282302847654,0.689283058914232,0.722614550800931,0.83866849830695,0.84043991985787,0.691200503944833,0.584141239818912,0.942011503882493,0.886424667301878,0.886960086218449,0.903982625266666,0.837947237888804,0.830840150409961,0.897705023457618,0.877305581772255,0.790312858147061,0.681556137603661,0.372963090199895,0.424586214933341,0.427512604198195,0.377117944483976,0.153915064151022,0.190340007903829,0.452652424896229,0.577089579029889,0.308709014610564,0.274640378587871,0.381326847726422,0.953401270801206,0.802856542535386,0.882365467158244,0.405940300613126,0.381326847726422,0.953401270801288,0.802856542535209,0.882365467158305,0.405940300613148,-0.0203168110508116,0.0373971218656164,0.0363694120569463,-0.051929838423854,0.234647631232485,0.0600877233867778,0.0723774584735508
"tmin2",-0.186779107722889,-0.232871356103604,0.256158467492938,-0.774538447302884,0.128320574638974,0.198732651176303,0.240567939675929,0.31085543373389,0.279251781925042,0.310774967089529,0.294524725259615,0.282839169742934,0.157687042701313,0.341725033133616,0.308100133698819,0.941342851503921,1,0.971606275362309,0.967980432097817,0.964344992410742,0.937044119015081,0.898619792531876,0.899345973897707,0.874216099646197,0.815458219411003,0.854083756629203,0.850516556265414,0.852470972352711,0.827864314251835,0.722358768888742,0.737060941746117,0.814840469751764,0.843577665512267,0.734281416006691,0.586947618990984,0.921773487479202,0.939291580984124,0.922126821585266,0.915907010283803,0.87297093251625,0.849337944070157,0.875016946921738,0.886690132141181,0.817233155566499,0.687192187656743,0.447906533497921,0.444861820861342,0.472720234084344,0.388401505003082,0.172702004399813,0.188697051072353,0.431441724124413,0.561190242102499,0.383212693658321,0.270385186233775,0.401097454521317,0.963380919632928,0.821917980758774,0.898350520486952,0.430565154445164,0.401097454521317,0.963380919633395,0.821917980758281,0.898350520487232,0.430565154445171,0.0563659756708326,0.00200658555080426,-0.0374598526279576,-0.035361865724861,0.17017794560204,-0.0207171997204741,0.0170755162010407
"tmin3",-0.150983009696909,-0.202460625418881,0.242242306424658,-0.778770085496903,0.103649147469924,0.212044472399216,0.175685199544535,0.261825611056477,0.259251948052256,0.3428860251455,0.314012887731979,0.269458614082415,0.102789330340838,0.28519416975314,0.275172941860612,0.946134370845402,0.971606275362309,1,0.952780091555976,0.97707053628005,0.947310227194814,0.906859833761717,0.900315340144051,0.890849911559659,0.824422787783737,0.85077788117161,0.86836923243474,0.891045186401409,0.853929038428819,0.730080086287053,0.750237649351321,0.830813171817585,0.867455796696543,0.766363795078362,0.619190558420761,0.921609693134366,0.940023006610698,0.957732638766268,0.926532966642519,0.883297960448012,0.861808787298067,0.888364223655858,0.902302495365649,0.844771640343204,0.712360882557127,0.436760878021709,0.503752698061067,0.512381864122411,0.449727855277623,0.172358680850593,0.199900526831823,0.451176466983521,0.605108617652104,0.420163648061128,0.314935487758768,0.364924287712325,0.968471942053973,0.843697441246246,0.91413929703828,0.466175452902026,0.364924287712325,0.968471942054012,0.843697441245715,0.914139297038669,0.466175452902035,0.0257265186258101,0.00389747145451507,-0.0548399922016181,-0.0487139058893504,0.186296175482825,0.0135180216809996,0.0169703787622937
"tmin4",-0.180119057066078,-0.204603955513783,0.253764688063242,-0.787322127890716,0.117194645004317,0.247664511326094,0.291102249485426,0.330654588801743,0.20822146625408,0.297823667682992,0.307311657274742,0.279234073213879,0.158483162599233,0.386563717593361,0.300769430307777,0.958274590859723,0.967980432097817,0.952780091555976,1,0.953709644726037,0.937540875888479,0.929830504475812,0.908267019083301,0.887604477657468,0.838849557130819,0.877049093922989,0.844698855404843,0.834173334549493,0.844744079320976,0.733858934309046,0.739169156338929,0.845441617051135,0.867117950985078,0.722488004850606,0.594416593371445,0.943177130295858,0.923186963589554,0.90313141928581,0.939478980412436,0.876164546842431,0.850853936287462,0.906848399669381,0.905167298092375,0.814498079623454,0.700506436841994,0.469300497242027,0.467084368077523,0.460193340584644,0.383117911890075,0.19898557081205,0.191872805294235,0.450695994728502,0.595368324446652,0.35135228332476,0.263039322342779,0.409199313775135,0.969868814913973,0.829870742782435,0.905931389280633,0.438086773881867,0.409199313775135,0.96986881491434,0.829870742782355,0.905931389280858,0.438086773881867,0.0476160454042159,-0.0173160638292818,-0.0133817897883468,-0.0494529753231954,0.183057439271273,-0.0249112212010151,0.0378728522497189
"tmin5",-0.127948292067935,-0.18204765977811,0.237538038721777,-0.787717148125615,0.0943894503692336,0.210415792452767,0.155842687267609,0.234407445101922,0.248958943476665,0.330351969307435,0.307876177714025,0.269456202027097,0.118333789798897,0.26182644681347,0.247053051645368,0.932202627573095,0.964344992410742,0.97707053628005,0.953709644726037,1,0.952081423988308,0.912646360827851,0.918216326572341,0.906389375574324,0.837906733164851,0.831935917035926,0.878207584758449,0.894561659204757,0.83854315453216,0.730893352211427,0.747965219550744,0.830552930018392,0.871769211955247,0.772799449879678,0.618849235062107,0.90403285219924,0.943649941435938,0.950948727136142,0.917053806422272,0.893278135443264,0.862394553965705,0.890549827980504,0.911989556630289,0.854918395231915,0.716862231516972,0.419252816118668,0.527791831955981,0.545939614526409,0.422172787184457,0.152771936967637,0.190070829497162,0.443732549581128,0.592749342094335,0.416140036718351,0.303209621151348,0.34499883630293,0.972032262692703,0.842423363801057,0.914728952852709,0.459523550195714,0.34499883630293,0.972032262692626,0.842423363800489,0.914728952853197,0.459523550195722,0.025412718036952,-0.00606473792642198,-0.0599246528074964,-0.0258131057031013,0.167838614397763,-0.0101616327009157,0.0307618848390376
"tmin6",-0.0845852354242987,0.0203345788948174,0.0953706347578162,-0.754287046356467,0.0867139637801721,0.28567081926551,0.291512472236172,0.197653522425528,0.06907701323391,0.152466982866514,0.160335778956833,0.25040973341264,0.260620877743965,0.257560465963191,0.0805300211568388,0.914253673853778,0.937044119015081,0.947310227194814,0.937540875888479,0.952081423988308,1,0.963558628008532,0.95992224665279,0.959130824286557,0.928047486556981,0.895457862871903,0.856371360239161,0.859205760362066,0.901609216241176,0.84334310468137,0.847495288960855,0.895990731265103,0.919095998009329,0.834778698168395,0.734922120489759,0.937091779069237,0.918909115710514,0.916845323315689,0.950981263762151,0.947602638865731,0.944199799422525,0.952193993017639,0.958345553346203,0.915925596492377,0.827787011655471,0.550712313169429,0.518002791256551,0.513970214209419,0.548404117611709,0.358995299839938,0.310463081788169,0.503947531783749,0.634250193744311,0.468212881455257,0.415626292863415,0.263536576605913,0.985683852103813,0.903272734747025,0.958616611931746,0.559692299699759,0.263536576605913,0.985683852103549,0.903272734746686,0.958616611931871,0.559692299699739,0.0387847242135656,0.0229110068694508,-0.0533272477584913,-0.0655377275683702,0.177928360311292,-0.0229037210869677,0.0805348993881264
"tmin7",-0.0830597849994663,0.0689924206750001,0.0608641714273631,-0.748067670308282,0.0914109487679399,0.280040151656611,0.332014426266136,0.218671473562111,-0.0222748490513809,0.0824239680588154,0.10988128243637,0.210461162053848,0.274602002063062,0.278705035291896,0.0497226136822975,0.917753436178095,0.898619792531876,0.906859833761717,0.929830504475812,0.912646360827851,0.963558628008532,1,0.962920988815623,0.956121915210888,0.913871744061973,0.883453729588652,0.802696761397679,0.778733005907755,0.863870140240173,0.847550759374246,0.835853222924182,0.871601105556546,0.877839792486095,0.782896983513247,0.711045028617294,0.930887949933095,0.869121273378128,0.849948218818218,0.923747347174623,0.934130772613121,0.9217317751908,0.951710561206198,0.93318128024235,0.880442002450207,0.806502227520375,0.525749261122797,0.465159999539804,0.409188078671144,0.491554741684466,0.400799492842325,0.333608476941019,0.414840747870619,0.553018412882233,0.386068985474661,0.388882010023261,0.234641094677776,0.970923878395556,0.868161800319735,0.930593164418585,0.51004403166193,0.234641094677776,0.970923878395511,0.86816180031967,0.930593164418667,0.510044031661878,0.00246946123472477,0.053066442697664,-0.0201317950358755,-0.0615791024309088,0.229278885036289,0.00617337622032978,0.104802416548632
"tmin8",-0.0453317273297929,0.136163379646864,0.0227061067250125,-0.745826840118189,0.084113949221702,0.189699114476305,0.294430201049973,0.163356399466769,-0.0311045376603198,0.0128611081532706,0.0123394374207098,0.153870511052835,0.28919938302512,0.233419901019168,-0.0197176613444884,0.880289313584728,0.899345973897707,0.900315340144051,0.908267019083301,0.918216326572341,0.95992224665279,0.962920988815623,1,0.975223538622156,0.949928777026641,0.902103919252491,0.850862774734487,0.80019989904642,0.848279764186933,0.869414915897083,0.888592322200134,0.901968191326498,0.895541076316879,0.827110709446809,0.762351880546518,0.927601822113202,0.900823150329583,0.860980151038984,0.905169542980951,0.950825241250427,0.952936246869572,0.955678565505759,0.958840596676381,0.916945840800582,0.854203739455728,0.600268493548255,0.546449750644776,0.457480284202305,0.487824535574123,0.427415210514841,0.432446111032894,0.515809431414913,0.543950043984378,0.440574043245737,0.441711616983298,0.161112432020483,0.969305794349372,0.899138610202384,0.949574679272254,0.57118306009008,0.161112432020483,0.969305794349174,0.899138610201817,0.949574679272334,0.571183060090029,0.017286470396879,0.00337455251056674,-0.0729148380290622,-0.0234548047679182,0.208503162136201,0.0258451367389927,0.104405716387444
"tmin9",-0.0234225705887711,0.16347711835145,-0.0130931799944516,-0.729520094746399,0.0804966338948022,0.244458380027452,0.294843233916982,0.149284748056557,-0.069926348361032,-0.0109986819207734,-0.0204181903563496,0.159659185263426,0.300196791743897,0.218149992314911,-0.0365393438755214,0.878433665763369,0.874216099646197,0.890849911559659,0.887604477657468,0.906389375574324,0.959130824286557,0.956121915210888,0.975223538622156,1,0.965874598082573,0.903482222379271,0.833677517558632,0.809406212370479,0.849347906691769,0.853398839653653,0.891695815429671,0.917004514607644,0.903331550314471,0.834068325822387,0.768728077919328,0.927727444171417,0.879951128648832,0.86309410714992,0.897615419250218,0.935405236029887,0.954530963412907,0.962335484757742,0.954213652742775,0.930937211963508,0.864157389519953,0.604756889137177,0.542402071339159,0.486004202494315,0.511878368006175,0.414933827483436,0.438959435982239,0.551897422336311,0.587005352412631,0.428748703495872,0.438774940860511,0.144384893694012,0.962915436980118,0.900862844372956,0.948160060375722,0.582046869785656,0.144384893694012,0.962915436979977,0.900862844372629,0.948160060375844,0.582046869785601,0.0207763595818024,0.0154831143694239,-0.0434136174183454,-0.0343803159000046,0.227460111423037,0.0480975311141978,0.121118902069857
"tmin10",0.00512796125578586,0.27039318797471,-0.068007195529894,-0.701605310621879,0.0361657246094915,0.24058180822287,0.357171251757888,0.0871914618649277,-0.189449089404246,-0.159549674826085,-0.153533494108633,0.129235480349951,0.381791013990764,0.182827486774719,-0.166515138630005,0.804865331774673,0.815458219411003,0.824422787783737,0.838849557130819,0.837906733164851,0.928047486556981,0.913871744061973,0.949928777026641,0.965874598082573,1,0.928239859439658,0.830316015426864,0.784063901748819,0.87603564343122,0.915950412018258,0.93820153885187,0.94473968725855,0.921706244124655,0.884433268433784,0.855410966524728,0.913746067230742,0.855169937369689,0.820924753024971,0.895262384661038,0.948395420708389,0.970386077107526,0.962556427118696,0.956139813957847,0.951349731993295,0.935341557373236,0.730275106483445,0.59563689025272,0.516003524835477,0.61034796055128,0.567525987319884,0.559769906824201,0.654201614210133,0.650613210467506,0.543209342684221,0.550236680406556,0.0542793399857036,0.91904622389521,0.934839577376944,0.952469074242616,0.69895421339327,0.0542793399857036,0.919046223894963,0.93483957737665,0.952469074242429,0.698954213393216,0.0576915107797914,0.00599549010382549,-0.0672134291993342,-0.0185231347941089,0.212361869535266,0.0501633337391659,0.130343829066817
"tmax1",-0.0645670312965134,0.0985736391741979,0.0661893005521901,-0.736081610894537,0.099194214309871,0.196432530162881,0.393906953165063,0.26279022186525,0.0149457421276704,0.00167465068942224,-0.0249473640883393,0.192149277522722,0.365384409308006,0.319945504186402,0.0300789378385281,0.848671879482745,0.854083756629203,0.85077788117161,0.877049093922989,0.831935917035926,0.895457862871903,0.883453729588652,0.902103919252491,0.903482222379271,0.928239859439658,1,0.892709847250283,0.81045350257098,0.889447741264692,0.890456077672082,0.928633252825748,0.955353476656129,0.932628688307478,0.857253286102489,0.810732301371389,0.976953851326104,0.910723404869744,0.848007522350763,0.919078297537476,0.929144924306401,0.950816125446638,0.956857486270792,0.944582738886719,0.909722421504807,0.879630905793085,0.807279402716559,0.663125163272773,0.535005310463569,0.59243629037039,0.536016716291074,0.581979049753689,0.71049318377725,0.725960702854585,0.557169737886707,0.53768365237871,0.229403468492373,0.909472234297975,0.943390300007714,0.954128632392018,0.726639211730598,0.229403468492373,0.909472234298454,0.943390300007842,0.954128632391908,0.72663921173058,0.0759432120721519,-0.0406159336028371,-0.0297711052925774,-0.0353432604269118,0.174609596736405,0.0126741653015558,0.0775822653651746
"tmax2",-0.00339940234588565,0.00212242382207658,0.133023175649593,-0.754158361580664,0.0576947479783089,-0.0146523643775736,0.0142541165277117,0.0529957787658547,0.181314633403792,0.225480513716906,0.129398152763082,0.0810396070702041,0.0867934601289932,0.0771212972416936,0.0490641553245149,0.804044779462344,0.850516556265414,0.86836923243474,0.844698855404843,0.878207584758449,0.856371360239161,0.802696761397679,0.850862774734487,0.833677517558632,0.830316015426864,0.892709847250283,1,0.945899209594576,0.881537304621381,0.810496916622932,0.854136247922682,0.885529372970559,0.943696581397892,0.904303369591838,0.795032083173341,0.89087239816673,0.979346406236099,0.94075794612587,0.901116495210606,0.895541105892332,0.888238933501309,0.880353270596275,0.93179509270319,0.914424793735619,0.834525174675418,0.668862934062454,0.849401207612613,0.77061269155692,0.613556243194292,0.378331784352709,0.495754435729485,0.67803823745431,0.805493536264061,0.699638896418321,0.593532633530281,0.129779340973698,0.873910879614162,0.938524116307715,0.937098831079035,0.759446833409476,0.129779340973698,0.87391087961455,0.938524116307438,0.937098831079302,0.759446833409497,0.0569766493597987,-0.037809330068025,-0.143340704924664,0.0389518029452938,0.136149813942113,0.0590034780616947,0.0198574203782215
"tmax3",-0.0592822779670749,-0.0921144590788484,0.208409118381537,-0.742483630691639,0.0148614740860032,0.116874283973337,-0.0684609140295325,-0.00839554715705217,0.230110745008322,0.337350601902195,0.265740443133396,0.148470464552784,-0.0186988894330597,0.0175457757320092,0.122874290588937,0.812777460132021,0.852470972352711,0.891045186401409,0.834173334549493,0.894561659204757,0.859205760362066,0.778733005907755,0.80019989904642,0.809406212370479,0.784063901748819,0.81045350257098,0.945899209594576,1,0.901138068349408,0.730647982323055,0.766686985262573,0.839975338549489,0.914316662425731,0.89043741724766,0.745408277698581,0.842207858738483,0.944803286763586,0.983956069722538,0.909468137619855,0.849686967114185,0.835160670070856,0.842098923355118,0.893421322276381,0.896051711265158,0.784393450657189,0.514822563922736,0.75531578452871,0.846358072628473,0.658700902176254,0.24789910228078,0.335724527527837,0.62231204635122,0.808089948042363,0.699677425697607,0.551866092853849,0.163764669302114,0.864310017584338,0.899870101768798,0.908855279532805,0.696915414375007,0.163764669302114,0.864310017584658,0.89987010176859,0.908855279533335,0.696915414375045,0.0498269410415682,-0.00566786579858781,-0.118489474230239,0.0477376873149731,0.117179537285953,0.0741131813298856,0.0045775069123136
"tmax4",-0.0778480430902561,0.104530013641321,0.0696030269535687,-0.731860661726545,0.0138229196828861,0.303013302269476,0.210978791608591,0.0191400507871945,-0.0395835232562172,0.0912224997730409,0.114289785987015,0.180192104433811,0.196207751221144,0.0882144955990475,-0.0547095542808513,0.815282302847654,0.827864314251835,0.853929038428819,0.844744079320976,0.83854315453216,0.901609216241176,0.863870140240173,0.848279764186933,0.849347906691769,0.87603564343122,0.889447741264692,0.881537304621381,0.901138068349408,1,0.900467673728192,0.876013873117909,0.907346899339208,0.952298505869768,0.928354166177798,0.868364880867029,0.893337723528864,0.893355136942217,0.906715702017208,0.976972215316883,0.938460261705194,0.920737973418003,0.918845013298774,0.936283405928766,0.936281700744438,0.900662520686377,0.650601575222189,0.670409389337064,0.702873275518996,0.81797326145822,0.544530380444014,0.48031959333889,0.644945662132455,0.824671603333793,0.724339901843353,0.673862775708406,0.119274130354543,0.884019466187387,0.959496442525114,0.95434452835529,0.787572330396255,0.119274130354543,0.884019466187701,0.959496442525419,0.954344528355278,0.787572330396264,0.0644039845448716,0.0261334385717647,-0.109426402339407,-0.059275010244552,0.136893056132782,-0.0125393836795367,0.0485783149746718
